kernel line : count latency dram_traffic smem_bk_conflicts smem_warp gmem_access_generated gmem_warp exposed_latency warp_divergence
test.1.sm_70.ptx 3137 : 10112 50560 0 0 0 0 0 0 0 
test.1.sm_70.ptx 3134 : 10000 59968 0 0 0 1250 313 0 0 
test.1.sm_70.ptx 3133 : 10000 90000 0 0 0 0 0 0 0 
test.1.sm_70.ptx 3132 : 10000 90000 0 0 0 0 0 0 0 
test.1.sm_70.ptx 3131 : 10000 60000 0 0 0 0 0 0 0 
test.1.sm_70.ptx 3130 : 10000 60000 0 0 0 0 0 0 0 
test.1.sm_70.ptx 3129 : 10000 60000 0 0 0 0 0 0 0 
test.1.sm_70.ptx 3128 : 10000 60000 0 0 0 0 0 0 0 
test.1.sm_70.ptx 3127 : 10000 60000 0 0 0 0 0 0 0 
test.1.sm_70.ptx 3126 : 10000 60000 0 0 0 0 0 0 0 
test.1.sm_70.ptx 3125 : 10000 60000 0 0 0 0 0 0 0 
test.1.sm_70.ptx 3124 : 10000 60000 0 0 0 0 0 0 0 
test.1.sm_70.ptx 3123 : 10000 60000 0 0 0 0 0 0 0 
test.1.sm_70.ptx 3122 : 10000 60000 0 0 0 0 0 0 0 
test.1.sm_70.ptx 3121 : 10000 60000 0 0 0 0 0 0 0 
test.1.sm_70.ptx 3120 : 10000 60000 0 0 0 0 0 0 0 
test.1.sm_70.ptx 3119 : 10000 60000 0 0 0 0 0 0 0 
test.1.sm_70.ptx 3118 : 10000 289920 0 625 313 0 0 0 0 
test.1.sm_70.ptx 3117 : 10000 279936 0 625 313 0 0 0 0 
test.1.sm_70.ptx 3116 : 10000 60000 0 0 0 0 0 0 0 
test.1.sm_70.ptx 3115 : 10000 60000 0 0 0 0 0 0 0 
test.1.sm_70.ptx 3114 : 10000 249984 0 625 313 0 0 0 0 
test.1.sm_70.ptx 3113 : 10000 60000 0 0 0 0 0 0 0 
test.1.sm_70.ptx 3112 : 10000 60000 0 0 0 0 0 0 0 
test.1.sm_70.ptx 3111 : 10000 249984 0 625 313 0 0 0 0 
test.1.sm_70.ptx 3110 : 10000 60000 0 0 0 0 0 0 0 
test.1.sm_70.ptx 3109 : 10000 60000 0 0 0 0 0 0 0 
test.1.sm_70.ptx 3108 : 10000 249984 0 625 313 0 0 0 0 
test.1.sm_70.ptx 3107 : 10000 60000 0 0 0 0 0 0 0 
test.1.sm_70.ptx 3106 : 10000 60000 0 0 0 0 0 0 0 
test.1.sm_70.ptx 3105 : 10000 249984 0 625 313 0 0 0 0 
test.1.sm_70.ptx 3104 : 10000 60000 0 0 0 0 0 0 0 
test.1.sm_70.ptx 3103 : 10000 60000 0 0 0 0 0 0 0 
test.1.sm_70.ptx 3102 : 10000 249984 0 625 313 0 0 0 0 
test.1.sm_70.ptx 3101 : 10000 60000 0 0 0 0 0 0 0 
test.1.sm_70.ptx 3100 : 10000 60000 0 0 0 0 0 0 0 
test.1.sm_70.ptx 3099 : 10000 249984 0 625 313 0 0 0 0 
test.1.sm_70.ptx 3098 : 10000 60000 0 0 0 0 0 0 0 
test.1.sm_70.ptx 3097 : 10000 60000 0 0 0 0 0 0 0 
test.1.sm_70.ptx 3096 : 10000 275680 0 625 313 0 0 0 0 
test.1.sm_70.ptx 3095 : 10000 90000 0 0 0 0 0 0 0 
test.1.sm_70.ptx 3094 : 10000 60000 0 0 0 0 0 0 0 
test.1.sm_70.ptx 3092 : 10112 560 0 0 0 0 0 0 1 
test.1.sm_70.ptx 3091 : 10112 60672 0 0 0 0 0 0 0 
test.1.sm_70.ptx 3090 : 10112 91008 0 0 0 0 0 0 0 
test.1.sm_70.ptx 3089 : 10112 50560 0 0 0 0 0 0 0 
test.1.sm_70.ptx 3088 : 10112 30336 0 316 316 0 0 0 0 
test.1.sm_70.ptx 3087 : 10112 1972960 128 0 0 1264 316 0 0 
test.1.sm_70.ptx 3086 : 10112 30944 0 316 316 0 0 0 0 
test.1.sm_70.ptx 3085 : 10112 1542176 96 0 0 1264 316 0 0 
test.1.sm_70.ptx 3084 : 10112 31200 0 316 316 0 0 0 0 
test.1.sm_70.ptx 3083 : 10112 1545440 96 0 0 1264 316 0 0 
test.1.sm_70.ptx 3082 : 10112 31328 0 316 316 0 0 0 0 
test.1.sm_70.ptx 3081 : 10112 1550624 96 0 0 1264 316 0 0 
test.1.sm_70.ptx 3080 : 10112 33888 0 316 316 0 0 0 0 
test.1.sm_70.ptx 3079 : 10112 1553312 96 0 0 1264 316 0 0 
test.1.sm_70.ptx 3078 : 10112 34336 0 316 316 0 0 0 0 
test.1.sm_70.ptx 3077 : 10112 1975168 128 0 0 1264 316 0 0 
test.1.sm_70.ptx 3076 : 10112 31936 0 316 316 0 0 0 0 
test.1.sm_70.ptx 3075 : 10112 1546976 96 0 0 1264 316 0 0 
test.1.sm_70.ptx 3074 : 10112 33984 0 316 316 0 0 0 0 
test.1.sm_70.ptx 3073 : 10112 1551456 96 0 0 1264 316 0 0 
test.1.sm_70.ptx 3072 : 10112 37024 0 316 316 0 0 0 0 
test.1.sm_70.ptx 3071 : 10112 1581984 64 0 0 1264 316 0 0 
test.1.sm_70.ptx 3070 : 10112 53504 0 316 316 0 0 0 0 
test.1.sm_70.ptx 3069 : 10112 91008 0 0 0 0 0 0 0 
test.1.sm_70.ptx 3068 : 10112 50560 0 0 0 0 0 0 0 
test.1.sm_70.ptx 3067 : 10112 60672 0 0 0 0 0 0 0 
test.1.sm_70.ptx 3066 : 10112 3905248 0 0 0 1264 316 0 0 
test.1.sm_70.ptx 3065 : 10112 91008 0 0 0 0 0 0 0 
test.1.sm_70.ptx 3064 : 10112 91008 0 0 0 0 0 0 0 
test.1.sm_70.ptx 3063 : 10112 91008 0 0 0 0 0 0 0 
test.1.sm_70.ptx 3062 : 10112 3639680 3584 0 0 10112 316 0 0 
test.1.sm_70.ptx 3061 : 10112 91008 0 0 0 0 0 0 0 
test.1.sm_70.ptx 3060 : 10112 91008 0 0 0 0 0 0 0 
test.1.sm_70.ptx 3059 : 10112 91008 0 0 0 0 0 0 0 
test.1.sm_70.ptx 3058 : 10112 91008 0 0 0 0 0 0 0 
test.1.sm_70.ptx 3057 : 10112 50560 0 0 0 0 0 0 0 
test.1.sm_70.ptx 3056 : 10112 91008 0 0 0 0 0 0 0 
test.1.sm_70.ptx 3055 : 10112 91008 0 0 0 0 0 0 0 
test.1.sm_70.ptx 3054 : 10112 50560 0 0 0 0 0 0 0 
test.1.sm_70.ptx 3053 : 10112 50560 0 0 0 0 0 0 0 
test.1.sm_70.ptx 3052 : 10112 60672 0 0 0 0 0 0 0 
test.1.sm_70.ptx 3051 : 10112 89536 0 0 0 0 0 0 0 
test.1.sm_70.ptx 3050 : 10112 63552 0 0 0 0 0 0 0 
test.1.sm_70.ptx 3049 : 10112 36512 0 0 0 0 0 0 0 
test.1.sm_70.ptx 3032 : 100000 636768 0 0 0 0 0 0 0 
test.1.sm_70.ptx 3026 : 100000 657504 0 0 0 0 0 0 0 
test.1.sm_70.ptx 3025 : 100000 721760 0 0 0 0 0 0 0 
test.1.sm_70.ptx 3024 : 100000 1710816 0 0 0 12500 3125 0 0 
test.1.sm_70.ptx 3023 : 100000 963968 0 0 0 0 0 0 0 
test.1.sm_70.ptx 3022 : 100000 949728 0 0 0 0 0 0 0 
test.1.sm_70.ptx 3021 : 100000 630816 0 0 0 0 0 0 0 
test.1.sm_70.ptx 3020 : 100000 1031840 0 0 0 0 0 0 0 
test.1.sm_70.ptx 3019 : 100000 901568 0 0 0 0 0 0 0 
test.1.sm_70.ptx 3018 : 100000 8580128 64 0 0 6250 3125 0 0 
test.1.sm_70.ptx 3017 : 100000 934752 0 0 0 0 0 0 0 
test.1.sm_70.ptx 3016 : 100000 927840 0 0 0 0 0 0 0 
test.1.sm_70.ptx 3015 : 100000 634112 0 0 0 0 0 0 0 
test.1.sm_70.ptx 2953 : 100000 567392 0 0 0 0 0 0 0 
test.1.sm_70.ptx 2952 : 100000 624896 0 0 0 0 0 0 0 
test.1.sm_70.ptx 2950 : 100000 0 0 0 0 0 0 0 0 
test.1.sm_70.ptx 2949 : 100000 651392 0 0 0 0 0 0 0 
test.1.sm_70.ptx 2948 : 100000 629600 0 0 0 0 0 0 0 
test.1.sm_70.ptx 2947 : 100000 646816 0 0 0 0 0 0 0 
test.1.sm_70.ptx 2944 : 200000 674048 0 0 0 0 0 0 0 
test.1.sm_70.ptx 2943 : 200000 1384480 0 0 0 0 0 0 0 
test.1.sm_70.ptx 2942 : 200000 1956192 0 0 0 0 0 0 0 
test.1.sm_70.ptx 2941 : 200000 1432224 0 0 0 0 0 0 0 
test.1.sm_70.ptx 2940 : 200000 6747936 0 6250 6250 0 0 0 0 
test.1.sm_70.ptx 2939 : 200000 6566624 0 6250 6250 0 0 0 0 
test.1.sm_70.ptx 2938 : 200000 1686304 0 0 0 0 0 0 0 
test.1.sm_70.ptx 2937 : 200000 6799488 0 6250 6250 0 0 0 0 
test.1.sm_70.ptx 2936 : 200000 6615616 0 6250 6250 0 0 0 0 
test.1.sm_70.ptx 2935 : 200000 1802144 0 0 0 0 0 0 0 
test.1.sm_70.ptx 2934 : 200000 6893952 0 6250 6250 0 0 0 0 
test.1.sm_70.ptx 2933 : 200000 6701280 0 6250 6250 0 0 0 0 
test.1.sm_70.ptx 2932 : 200000 1859776 0 0 0 0 0 0 0 
test.1.sm_70.ptx 2931 : 200000 6962496 0 6250 6250 0 0 0 0 
test.1.sm_70.ptx 2930 : 200000 6770272 0 6250 6250 0 0 0 0 
test.1.sm_70.ptx 2929 : 200000 1932960 0 0 0 0 0 0 0 
test.1.sm_70.ptx 2928 : 200000 7015840 0 6250 6250 0 0 0 0 
test.1.sm_70.ptx 2927 : 200000 6822816 0 6250 6250 0 0 0 0 
test.1.sm_70.ptx 2926 : 200000 1977664 0 0 0 0 0 0 0 
test.1.sm_70.ptx 2925 : 200000 7048192 0 6250 6250 0 0 0 0 
test.1.sm_70.ptx 2924 : 200000 6867424 0 6250 6250 0 0 0 0 
test.1.sm_70.ptx 2923 : 200000 2011008 0 0 0 0 0 0 0 
test.1.sm_70.ptx 2922 : 200000 7094784 0 6250 6250 0 0 0 0 
test.1.sm_70.ptx 2921 : 200000 6906080 0 6250 6250 0 0 0 0 
test.1.sm_70.ptx 2920 : 200000 2075968 0 0 0 0 0 0 0 
test.1.sm_70.ptx 2919 : 200000 7111104 0 6250 6250 0 0 0 0 
test.1.sm_70.ptx 2918 : 200000 6940032 0 6250 6250 0 0 0 0 
test.1.sm_70.ptx 2917 : 200000 2091424 0 0 0 0 0 0 0 
test.1.sm_70.ptx 2916 : 200000 7159488 0 6250 6250 0 0 0 0 
test.1.sm_70.ptx 2915 : 200000 6974176 0 6250 6250 0 0 0 0 
test.1.sm_70.ptx 2914 : 200000 2102560 0 0 0 0 0 0 0 
test.1.sm_70.ptx 2913 : 200000 7172224 0 6250 6250 0 0 0 0 
test.1.sm_70.ptx 2912 : 200000 6993120 0 6250 6250 0 0 0 0 
test.1.sm_70.ptx 2911 : 200000 2105632 0 0 0 0 0 0 0 
test.1.sm_70.ptx 2910 : 200000 7216416 0 6250 6250 0 0 0 0 
test.1.sm_70.ptx 2909 : 200000 7043936 0 6250 6250 0 0 0 0 
test.1.sm_70.ptx 2908 : 200000 2131584 0 0 0 0 0 0 0 
test.1.sm_70.ptx 2907 : 200000 7263840 0 6250 6250 0 0 0 0 
test.1.sm_70.ptx 2906 : 200000 7081152 0 6250 6250 0 0 0 0 
test.1.sm_70.ptx 2905 : 200000 2146112 0 0 0 0 0 0 0 
test.1.sm_70.ptx 2904 : 200000 7256096 0 6250 6250 0 0 0 0 
test.1.sm_70.ptx 2903 : 200000 7068864 0 6250 6250 0 0 0 0 
test.1.sm_70.ptx 2902 : 200000 2149376 0 0 0 0 0 0 0 
test.1.sm_70.ptx 2901 : 200000 7296768 0 6250 6250 0 0 0 0 
test.1.sm_70.ptx 2900 : 200000 7109408 0 6250 6250 0 0 0 0 
test.1.sm_70.ptx 2899 : 200000 2143232 0 0 0 0 0 0 0 
test.1.sm_70.ptx 2898 : 200000 7318688 0 6250 6250 0 0 0 0 
test.1.sm_70.ptx 2897 : 200000 7136288 0 6250 6250 0 0 0 0 
test.1.sm_70.ptx 2896 : 200000 2153600 0 0 0 0 0 0 0 
test.1.sm_70.ptx 2895 : 200000 7356224 0 6250 6250 0 0 0 0 
test.1.sm_70.ptx 2894 : 200000 7165696 0 6250 6250 0 0 0 0 
test.1.sm_70.ptx 2893 : 200000 2171840 0 0 0 0 0 0 0 
test.1.sm_70.ptx 2892 : 200000 7344096 0 6250 6250 0 0 0 0 
test.1.sm_70.ptx 2891 : 200000 7152640 0 6250 6250 0 0 0 0 
test.1.sm_70.ptx 2890 : 200000 2171648 0 0 0 0 0 0 0 
test.1.sm_70.ptx 2889 : 200000 7350080 0 6250 6250 0 0 0 0 
test.1.sm_70.ptx 2888 : 200000 7162912 0 6250 6250 0 0 0 0 
test.1.sm_70.ptx 2887 : 200000 2202944 0 0 0 0 0 0 0 
test.1.sm_70.ptx 2886 : 200000 7368416 0 6250 6250 0 0 0 0 
test.1.sm_70.ptx 2885 : 200000 7179520 0 6250 6250 0 0 0 0 
test.1.sm_70.ptx 2884 : 200000 2240064 0 0 0 0 0 0 0 
test.1.sm_70.ptx 2883 : 200000 7379840 0 6250 6250 0 0 0 0 
test.1.sm_70.ptx 2882 : 200000 7192448 0 6250 6250 0 0 0 0 
test.1.sm_70.ptx 2881 : 200000 2254976 0 0 0 0 0 0 0 
test.1.sm_70.ptx 2880 : 200000 7391200 0 6250 6250 0 0 0 0 
test.1.sm_70.ptx 2879 : 200000 7197920 0 6250 6250 0 0 0 0 
test.1.sm_70.ptx 2878 : 200000 2237152 0 0 0 0 0 0 0 
test.1.sm_70.ptx 2877 : 200000 7405472 0 6250 6250 0 0 0 0 
test.1.sm_70.ptx 2876 : 200000 7222656 0 6250 6250 0 0 0 0 
test.1.sm_70.ptx 2875 : 200000 2270048 0 0 0 0 0 0 0 
test.1.sm_70.ptx 2874 : 200000 7466368 0 6250 6250 0 0 0 0 
test.1.sm_70.ptx 2873 : 200000 7282656 0 6250 6250 0 0 0 0 
test.1.sm_70.ptx 2872 : 200000 2279360 0 0 0 0 0 0 0 
test.1.sm_70.ptx 2871 : 200000 7513536 0 6250 6250 0 0 0 0 
test.1.sm_70.ptx 2870 : 200000 7328672 0 6250 6250 0 0 0 0 
test.1.sm_70.ptx 2869 : 200000 2264800 0 0 0 0 0 0 0 
test.1.sm_70.ptx 2868 : 200000 7514400 0 6250 6250 0 0 0 0 
test.1.sm_70.ptx 2867 : 200000 7330624 0 6250 6250 0 0 0 0 
test.1.sm_70.ptx 2866 : 200000 2259040 0 0 0 0 0 0 0 
test.1.sm_70.ptx 2865 : 200000 7592864 0 6250 6250 0 0 0 0 
test.1.sm_70.ptx 2864 : 200000 7406336 0 6250 6250 0 0 0 0 
test.1.sm_70.ptx 2863 : 200000 2282240 0 0 0 0 0 0 0 
test.1.sm_70.ptx 2862 : 200000 7604032 0 6250 6250 0 0 0 0 
test.1.sm_70.ptx 2861 : 200000 7415264 0 6250 6250 0 0 0 0 
test.1.sm_70.ptx 2860 : 200000 2281280 0 0 0 0 0 0 0 
test.1.sm_70.ptx 2859 : 200000 7596480 0 6250 6250 0 0 0 0 
test.1.sm_70.ptx 2858 : 200000 7421344 0 6250 6250 0 0 0 0 
test.1.sm_70.ptx 2857 : 200000 2268864 0 0 0 0 0 0 0 
test.1.sm_70.ptx 2856 : 200000 7506464 0 6250 6250 0 0 0 0 
test.1.sm_70.ptx 2855 : 200000 7332224 0 6250 6250 0 0 0 0 
test.1.sm_70.ptx 2854 : 200000 2197248 0 0 0 0 0 0 0 
test.1.sm_70.ptx 2853 : 200000 7349632 0 6250 6250 0 0 0 0 
test.1.sm_70.ptx 2852 : 200000 7180928 0 6250 6250 0 0 0 0 
test.1.sm_70.ptx 2851 : 200000 2127520 0 0 0 0 0 0 0 
test.1.sm_70.ptx 2850 : 200000 7126976 0 6250 6250 0 0 0 0 
test.1.sm_70.ptx 2849 : 200000 6946048 0 6250 6250 0 0 0 0 
test.1.sm_70.ptx 2848 : 200000 2085504 0 0 0 0 0 0 0 
test.1.sm_70.ptx 2847 : 200000 7172832 0 6250 6250 0 0 0 0 
test.1.sm_70.ptx 2846 : 200000 6831008 0 6250 6250 0 0 0 0 
test.1.sm_70.ptx 2842 : 40000 0 0 0 0 0 0 0 0 
test.1.sm_70.ptx 2841 : 40000 299904 0 0 0 0 0 0 0 
test.1.sm_70.ptx 2840 : 40000 287200 0 0 0 0 0 0 0 
test.1.sm_70.ptx 2839 : 40000 416800 0 0 0 0 0 0 0 
test.1.sm_70.ptx 2838 : 40000 378240 0 1250 1250 0 0 0 0 
test.1.sm_70.ptx 2837 : 40000 389504 0 0 0 0 0 0 0 
test.1.sm_70.ptx 2836 : 40000 258976 0 0 0 0 0 0 0 
test.1.sm_70.ptx 2835 : 40000 422496 0 0 0 0 0 0 0 
test.1.sm_70.ptx 2832 : 40000 14321856 160000 0 0 5000 1250 0 0 
test.1.sm_70.ptx 2831 : 40000 392512 0 0 0 0 0 0 0 
test.1.sm_70.ptx 2830 : 40000 393952 0 0 0 0 0 0 0 
test.1.sm_70.ptx 2829 : 40000 432512 0 0 0 0 0 0 0 
test.1.sm_70.ptx 2828 : 40000 381408 0 0 0 0 0 0 0 
test.1.sm_70.ptx 2826 : 40000 0 0 0 0 0 0 0 0 
test.1.sm_70.ptx 2825 : 40000 263200 0 0 0 0 0 0 0 
test.1.sm_70.ptx 2824 : 40000 422112 0 0 0 0 0 0 0 
test.1.sm_70.ptx 2823 : 40000 264064 0 0 0 0 0 0 0 
test.1.sm_70.ptx 2822 : 40000 399936 0 0 0 0 0 0 0 
test.1.sm_70.ptx 2821 : 40000 275136 0 0 0 0 0 0 0 
test.1.sm_70.ptx 2820 : 40000 399904 0 0 0 0 0 0 0 
test.1.sm_70.ptx 2819 : 40000 281248 0 0 0 0 0 0 0 
test.1.sm_70.ptx 898 : 40000 612992 0 0 0 0 0 0 0 
test.1.sm_70.ptx 851 : 40000 438368 0 0 0 0 0 0 0 
test.1.sm_70.ptx 850 : 40000 4595072 0 0 0 5000 1250 0 0 
test.1.sm_70.ptx 849 : 40000 585632 0 0 0 0 0 0 0 
test.1.sm_70.ptx 848 : 40000 496512 0 0 0 0 0 0 0 
test.1.sm_70.ptx 845 : 40000 0 0 0 0 0 0 0 0 
test.1.sm_70.ptx 844 : 40000 489280 0 0 0 0 0 0 0 
test.1.sm_70.ptx 843 : 40000 525280 0 0 0 0 0 0 0 
test.1.sm_70.ptx 842 : 40000 569632 0 0 0 0 0 0 0 
test.1.sm_70.ptx 841 : 40000 600992 0 0 0 0 0 0 0 
test.1.sm_70.ptx 840 : 40000 551648 0 0 0 0 0 0 0 
test.1.sm_70.ptx 839 : 40000 5689280 0 0 0 20000 1250 0 0 
test.1.sm_70.ptx 838 : 40000 5101760 0 0 0 2500 1250 0 0 
test.1.sm_70.ptx 837 : 40000 1514528 0 0 0 0 0 0 0 
test.1.sm_70.ptx 836 : 40000 5773920 0 0 0 20000 1250 0 0 
test.1.sm_70.ptx 835 : 40000 5174752 0 0 0 2500 1250 0 0 
test.1.sm_70.ptx 834 : 40000 1640192 0 0 0 0 0 0 0 
test.1.sm_70.ptx 833 : 40000 5734624 0 0 0 20000 1250 0 0 
test.1.sm_70.ptx 832 : 40000 5129312 0 0 0 2500 1250 0 0 
test.1.sm_70.ptx 831 : 40000 1569088 0 0 0 0 0 0 0 
test.1.sm_70.ptx 830 : 40000 4882112 0 0 0 20000 1250 0 0 
test.1.sm_70.ptx 829 : 40000 4899392 0 0 0 2500 1250 0 0 
test.1.sm_70.ptx 749 : 40000 5782080 0 0 0 20000 1250 0 0 
test.1.sm_70.ptx 748 : 40000 5189728 0 0 0 2500 1250 0 0 
test.1.sm_70.ptx 747 : 40000 2335360 0 0 0 0 0 0 0 
test.1.sm_70.ptx 746 : 40000 5049312 0 0 0 20000 1250 0 0 
test.1.sm_70.ptx 745 : 40000 4312320 0 0 0 2500 1250 0 0 
test.1.sm_70.ptx 744 : 40000 1657024 0 0 0 0 0 0 0 
test.1.sm_70.ptx 743 : 40000 16543520 0 0 0 20000 1250 0 0 
test.1.sm_70.ptx 742 : 40000 3368064 0 0 0 2500 1250 0 0 
test.1.sm_70.ptx 739 : 40000 708224 0 0 0 0 0 0 0 
test.1.sm_70.ptx 738 : 40000 446144 0 0 0 0 0 0 0 
test.1.sm_70.ptx 737 : 40000 430080 0 0 0 0 0 0 0 
test.1.sm_70.ptx 736 : 40000 455296 0 0 0 0 0 0 0 
test.1.sm_70.ptx 735 : 40000 432768 0 0 0 0 0 0 0 
test.1.sm_70.ptx 734 : 40000 406560 0 0 0 0 0 0 0 
test.1.sm_70.ptx 733 : 40000 418752 0 0 0 0 0 0 0 
test.1.sm_70.ptx 732 : 40000 403168 0 0 0 0 0 0 0 
test.1.sm_70.ptx 730 : 40000 0 0 0 0 0 0 0 0 
test.1.sm_70.ptx 729 : 40000 291232 0 0 0 0 0 0 0 
test.1.sm_70.ptx 728 : 40000 410976 0 0 0 0 0 0 0 
test.1.sm_70.ptx 706 : 40000 281248 0 0 0 0 0 0 0 
test.1.sm_70.ptx 705 : 40000 283328 0 0 0 0 0 0 0 
test.1.sm_70.ptx 704 : 40000 283488 0 0 0 0 0 0 0 
test.1.sm_70.ptx 703 : 40000 291168 0 0 0 0 0 0 0 
test.1.sm_70.ptx 690 : 40000 4164928 0 0 0 10000 1250 0 0 
test.1.sm_70.ptx 689 : 40000 725824 0 0 0 0 0 0 0 
test.1.sm_70.ptx 687 : 40000 0 0 0 0 0 0 0 0 
test.1.sm_70.ptx 686 : 40000 541600 0 0 0 0 0 0 0 
test.1.sm_70.ptx 685 : 40000 2387392 0 0 0 10000 1250 0 0 
test.1.sm_70.ptx 684 : 40000 380992 0 0 0 0 0 0 0 
test.1.sm_70.ptx 683 : 40000 369472 0 0 0 0 0 0 0 
test.1.sm_70.ptx 682 : 40000 386400 0 0 0 0 0 0 0 
test.1.sm_70.ptx 681 : 40000 373344 0 0 0 0 0 0 0 
test.1.sm_70.ptx 680 : 40000 8044160 256 0 0 5000 1250 0 0 
test.1.sm_70.ptx 679 : 40000 553856 0 0 0 0 0 0 0 
test.1.sm_70.ptx 678 : 40000 484992 0 0 0 0 0 0 0 
test.1.sm_70.ptx 675 : 40000 0 0 0 0 0 0 0 0 
test.1.sm_70.ptx 674 : 40000 449216 0 0 0 0 0 0 0 
test.1.sm_70.ptx 673 : 40000 568800 0 0 0 0 0 0 0 
test.1.sm_70.ptx 672 : 40000 618848 0 0 0 0 0 0 0 
test.1.sm_70.ptx 671 : 40000 678656 0 0 0 0 0 0 0 
test.1.sm_70.ptx 670 : 40000 610112 0 0 0 0 0 0 0 
test.1.sm_70.ptx 669 : 40000 5559936 0 0 0 20000 1250 0 0 
test.1.sm_70.ptx 668 : 40000 4964224 0 0 0 2500 1250 0 0 
test.1.sm_70.ptx 667 : 40000 1401696 0 0 0 0 0 0 0 
test.1.sm_70.ptx 666 : 40000 5497888 0 0 0 20000 1250 0 0 
test.1.sm_70.ptx 665 : 40000 4936384 0 0 0 2500 1250 0 0 
test.1.sm_70.ptx 664 : 40000 1407008 0 0 0 0 0 0 0 
test.1.sm_70.ptx 663 : 40000 4626592 0 0 0 20000 1250 0 0 
test.1.sm_70.ptx 662 : 40000 4095616 0 0 0 2500 1250 0 0 
test.1.sm_70.ptx 661 : 40000 1303264 0 0 0 0 0 0 0 
test.1.sm_70.ptx 1836 : 40448 2272 0 0 0 0 0 0 0 
test.1.sm_70.ptx 343 : 242688 2477248 0 0 0 0 0 0 0 
test.1.sm_70.ptx 1835 : 40448 518048 0 0 0 0 0 0 0 
test.1.sm_70.ptx 342 : 242688 2223744 0 0 0 0 0 0 0 
test.1.sm_70.ptx 1436 : 40448 2336 0 0 0 0 0 0 0 
test.1.sm_70.ptx 1435 : 40448 393024 0 0 0 0 0 0 0 
test.1.sm_70.ptx 1434 : 40448 583392 0 0 0 0 0 0 0 
test.1.sm_70.ptx 1433 : 40448 594752 0 0 0 0 0 0 0 
test.1.sm_70.ptx 1432 : 40448 605536 0 0 0 0 0 0 0 
test.1.sm_70.ptx 1431 : 40448 531648 0 0 0 0 0 0 0 
test.1.sm_70.ptx 1430 : 40448 568992 0 0 0 0 0 0 0 
test.1.sm_70.ptx 1429 : 40448 557888 0 0 0 0 0 0 0 
test.1.sm_70.ptx 1428 : 40448 755968 0 0 0 0 0 0 0 
test.1.sm_70.ptx 1350 : 40448 2368 0 0 0 0 0 0 0 
test.1.sm_70.ptx 1349 : 40448 622016 0 0 0 0 0 0 0 
test.1.sm_70.ptx 1112 : 40448 2432 0 0 0 0 0 0 0 
test.1.sm_70.ptx 1111 : 40448 385856 0 0 0 0 0 0 0 
test.1.sm_70.ptx 1110 : 40448 604576 0 0 0 0 0 0 0 
test.1.sm_70.ptx 1109 : 40448 586496 0 0 0 0 0 0 0 
test.1.sm_70.ptx 2602 : 200000 1284992 0 0 0 0 0 0 0 
test.1.sm_70.ptx 1108 : 40448 592992 0 0 0 0 0 0 0 
test.1.sm_70.ptx 2601 : 200000 1429792 0 0 0 0 0 0 0 
test.1.sm_70.ptx 1107 : 40448 539616 0 0 0 0 0 0 0 
test.1.sm_70.ptx 2600 : 200000 2270944 0 6250 6250 0 0 0 0 
test.1.sm_70.ptx 1106 : 40448 546112 0 0 0 0 0 0 0 
test.1.sm_70.ptx 2599 : 200000 41273536 1280 0 0 25000 6250 0 0 
test.1.sm_70.ptx 1105 : 40448 527520 0 0 0 0 0 0 0 
test.1.sm_70.ptx 2598 : 200000 2261888 0 0 0 0 0 0 0 
test.1.sm_70.ptx 660 : 40000 9186848 544 0 0 20000 1250 0 0 
test.1.sm_70.ptx 659 : 40000 15730368 40000 0 0 2500 1250 0 0 
test.1.sm_70.ptx 656 : 40000 517088 0 0 0 0 0 0 0 
test.1.sm_70.ptx 1104 : 40448 764768 0 0 0 0 0 0 0 
test.1.sm_70.ptx 2597 : 200000 2179136 0 0 0 0 0 0 0 
test.1.sm_70.ptx 655 : 40000 439936 0 0 0 0 0 0 0 
test.1.sm_70.ptx 654 : 40000 419552 0 0 0 0 0 0 0 
test.1.sm_70.ptx 653 : 40000 430592 0 0 0 0 0 0 0 
test.1.sm_70.ptx 652 : 40000 393440 0 0 0 0 0 0 0 
test.1.sm_70.ptx 651 : 40000 387168 0 0 0 0 0 0 0 
test.1.sm_70.ptx 650 : 40000 387360 0 0 0 0 0 0 0 
test.1.sm_70.ptx 649 : 40000 399968 0 0 0 0 0 0 0 
test.1.sm_70.ptx 647 : 40000 0 0 0 0 0 0 0 0 
test.1.sm_70.ptx 646 : 40000 274848 0 0 0 0 0 0 0 
test.1.sm_70.ptx 645 : 40000 395104 0 0 0 0 0 0 0 
test.1.sm_70.ptx 623 : 40000 264960 0 0 0 0 0 0 0 
test.1.sm_70.ptx 622 : 40000 280576 0 0 0 0 0 0 0 
test.1.sm_70.ptx 621 : 40000 278432 0 0 0 0 0 0 0 
test.1.sm_70.ptx 620 : 40000 285792 0 0 0 0 0 0 0 
test.1.sm_70.ptx 701 : 40448 2560 0 0 0 0 0 0 0 
test.1.sm_70.ptx 700 : 40448 299488 0 0 0 0 0 0 0 
test.1.sm_70.ptx 699 : 40448 416160 0 0 0 0 0 0 0 
test.1.sm_70.ptx 698 : 40448 413792 0 0 0 0 0 0 0 
test.1.sm_70.ptx 697 : 40448 445184 0 0 0 0 0 0 0 
test.1.sm_70.ptx 696 : 40448 413440 0 0 0 0 0 0 0 
test.1.sm_70.ptx 695 : 40448 313440 0 0 0 0 0 0 0 
test.1.sm_70.ptx 694 : 40448 460704 0 0 0 0 0 0 0 
test.1.sm_70.ptx 693 : 40448 566368 0 0 0 0 0 0 0 
test.1.sm_70.ptx 618 : 40448 3040 0 0 0 0 0 0 0 
test.1.sm_70.ptx 617 : 40448 286752 0 0 0 0 0 0 0 
test.1.sm_70.ptx 616 : 40448 413248 0 0 0 0 0 0 0 
test.1.sm_70.ptx 615 : 40448 401088 0 0 0 0 0 0 0 
test.1.sm_70.ptx 614 : 40448 404768 0 0 0 0 0 0 0 
test.1.sm_70.ptx 613 : 40448 408960 0 0 0 0 0 0 0 
test.1.sm_70.ptx 612 : 40448 404352 0 0 0 0 0 0 0 
test.1.sm_70.ptx 611 : 40448 407776 0 0 0 0 0 0 0 
test.1.sm_70.ptx 610 : 40448 420672 0 0 0 0 0 0 0 
test.1.sm_70.ptx 609 : 40448 418560 0 0 0 0 0 0 0 
test.1.sm_70.ptx 608 : 40448 413152 0 0 0 0 0 0 0 
test.1.sm_70.ptx 604 : 40448 282240 0 0 0 0 0 0 0 
test.1.sm_70.ptx 603 : 40448 297632 0 0 0 0 0 0 0 
test.1.sm_70.ptx 602 : 40448 293312 0 0 0 0 0 0 0 
test.1.sm_70.ptx 601 : 40448 289504 0 0 0 0 0 0 0 
test.1.sm_70.ptx 600 : 40448 289952 0 0 0 0 0 0 0 
test.1.sm_70.ptx 599 : 40448 417728 0 0 0 0 0 0 0 
test.1.sm_70.ptx 596 : 242688 1065152 0 0 0 0 0 0 0 
test.1.sm_70.ptx 595 : 242688 1507840 0 0 0 0 0 0 0 
test.1.sm_70.ptx 594 : 242688 2230496 0 0 0 0 0 0 0 
test.1.sm_70.ptx 592 : 3883008 20280576 0 0 0 0 0 0 0 
test.1.sm_70.ptx 591 : 3883008 24179264 0 0 0 0 0 0 0 
test.1.sm_70.ptx 590 : 3883008 35420384 0 0 0 0 0 0 0 
test.1.sm_70.ptx 589 : 3883008 23751584 0 0 0 0 0 0 0 
test.1.sm_70.ptx 588 : 3883008 23678560 0 0 0 0 0 0 0 
test.1.sm_70.ptx 587 : 3883008 94485440 0 121344 121344 0 0 0 0 
test.1.sm_70.ptx 586 : 3883008 23903584 0 0 0 0 0 0 0 
test.1.sm_70.ptx 585 : 3883008 23528800 0 0 0 0 0 0 0 
test.1.sm_70.ptx 584 : 3883008 94290080 0 121344 121344 0 0 0 0 
test.1.sm_70.ptx 583 : 3883008 23340896 0 0 0 0 0 0 0 
test.1.sm_70.ptx 582 : 3883008 23585824 0 0 0 0 0 0 0 
test.1.sm_70.ptx 581 : 3883008 94623488 0 121344 121344 0 0 0 0 
test.1.sm_70.ptx 580 : 3883008 27263840 0 0 0 0 0 0 0 
test.1.sm_70.ptx 579 : 3883008 23330112 0 0 0 0 0 0 0 
test.1.sm_70.ptx 578 : 3883008 94509504 0 121344 121344 0 0 0 0 
test.1.sm_70.ptx 577 : 3883008 23326336 0 0 0 0 0 0 0 
test.1.sm_70.ptx 576 : 3883008 23326208 0 0 0 0 0 0 0 
test.1.sm_70.ptx 575 : 3883008 94741536 0 121344 121344 0 0 0 0 
test.1.sm_70.ptx 574 : 3883008 23864768 0 0 0 0 0 0 0 
test.1.sm_70.ptx 573 : 3883008 23504352 0 0 0 0 0 0 0 
test.1.sm_70.ptx 572 : 3883008 94526432 0 121344 121344 0 0 0 0 
test.1.sm_70.ptx 571 : 3883008 23313504 0 0 0 0 0 0 0 
test.1.sm_70.ptx 570 : 3883008 23553248 0 0 0 0 0 0 0 
test.1.sm_70.ptx 569 : 3883008 95721920 0 121344 121344 0 0 0 0 
test.1.sm_70.ptx 568 : 3883008 23556736 0 0 0 0 0 0 0 
test.1.sm_70.ptx 567 : 3883008 95607072 0 121344 121344 0 0 0 0 
test.1.sm_70.ptx 566 : 3883008 23700608 0 0 0 0 0 0 0 
test.1.sm_70.ptx 1274 : 40448 2432 0 0 0 0 0 0 0 
test.1.sm_70.ptx 2767 : 40000 441024 0 0 0 0 0 0 0 
test.1.sm_70.ptx 565 : 3883008 99717952 0 121344 121344 0 0 0 0 
test.1.sm_70.ptx 1273 : 40448 371552 0 0 0 0 0 0 0 
test.1.sm_70.ptx 564 : 3883008 97660288 0 121344 121344 0 0 0 0 
test.1.sm_70.ptx 1272 : 40448 569728 0 0 0 0 0 0 0 
test.1.sm_70.ptx 563 : 3883008 27279200 0 0 0 0 0 0 0 
test.1.sm_70.ptx 1271 : 40448 576128 0 0 0 0 0 0 0 
test.1.sm_70.ptx 2764 : 40000 15853408 160000 0 0 5000 1250 0 0 
test.1.sm_70.ptx 562 : 3883008 23523424 0 0 0 0 0 0 0 
test.1.sm_70.ptx 1270 : 40448 613696 0 0 0 0 0 0 0 
test.1.sm_70.ptx 2763 : 40000 405792 0 0 0 0 0 0 0 
test.1.sm_70.ptx 561 : 3883008 94699712 0 121344 121344 0 0 0 0 
test.1.sm_70.ptx 1269 : 40448 535648 0 0 0 0 0 0 0 
test.1.sm_70.ptx 2762 : 40000 398784 0 0 0 0 0 0 0 
test.1.sm_70.ptx 560 : 3883008 27291520 0 0 0 0 0 0 0 
test.1.sm_70.ptx 1268 : 40448 558464 0 0 0 0 0 0 0 
test.1.sm_70.ptx 2761 : 40000 438912 0 0 0 0 0 0 0 
test.1.sm_70.ptx 559 : 3883008 27243264 0 0 0 0 0 0 0 
test.1.sm_70.ptx 1267 : 40448 528416 0 0 0 0 0 0 0 
test.1.sm_70.ptx 2760 : 40000 397920 0 0 0 0 0 0 0 
test.1.sm_70.ptx 558 : 3883008 94335936 0 121344 121344 0 0 0 0 
test.1.sm_70.ptx 1266 : 40448 771264 0 0 0 0 0 0 0 
test.1.sm_70.ptx 557 : 3883008 24031104 0 0 0 0 0 0 0 
test.1.sm_70.ptx 556 : 3883008 23617664 0 0 0 0 0 0 0 
test.1.sm_70.ptx 555 : 3883008 94269280 0 121344 121344 0 0 0 0 
test.1.sm_70.ptx 554 : 3883008 24131488 0 0 0 0 0 0 0 
test.1.sm_70.ptx 553 : 3883008 23590624 0 0 0 0 0 0 0 
test.1.sm_70.ptx 552 : 3883008 94242016 0 121344 121344 0 0 0 0 
test.1.sm_70.ptx 551 : 3883008 27303520 0 0 0 0 0 0 0 
test.1.sm_70.ptx 550 : 3883008 23608992 0 0 0 0 0 0 0 
test.1.sm_70.ptx 549 : 3883008 94145664 0 121344 121344 0 0 0 0 
test.1.sm_70.ptx 548 : 3883008 27329568 0 0 0 0 0 0 0 
test.1.sm_70.ptx 547 : 3883008 27263360 0 0 0 0 0 0 0 
test.1.sm_70.ptx 546 : 3883008 94587936 0 121344 121344 0 0 0 0 
test.1.sm_70.ptx 545 : 3883008 23914688 0 0 0 0 0 0 0 
test.1.sm_70.ptx 544 : 3883008 23619840 0 0 0 0 0 0 0 
test.1.sm_70.ptx 543 : 3883008 94754944 0 121344 121344 0 0 0 0 
test.1.sm_70.ptx 542 : 3883008 23325440 0 0 0 0 0 0 0 
test.1.sm_70.ptx 541 : 3883008 94639904 0 121344 121344 0 0 0 0 
test.1.sm_70.ptx 540 : 3883008 23333440 0 0 0 0 0 0 0 
test.1.sm_70.ptx 539 : 3883008 95589120 0 121344 121344 0 0 0 0 
test.1.sm_70.ptx 538 : 3883008 35220448 0 0 0 0 0 0 0 
test.1.sm_70.ptx 537 : 3883008 39235168 0 0 0 0 0 0 0 
test.1.sm_70.ptx 536 : 3883008 95761440 0 121344 121344 0 0 0 0 
test.1.sm_70.ptx 535 : 3883008 35661280 0 0 0 0 0 0 0 
test.1.sm_70.ptx 534 : 3883008 24876224 0 0 0 0 0 0 0 
test.1.sm_70.ptx 533 : 3883008 40280480 0 0 0 0 0 0 0 
test.1.sm_70.ptx 530 : 242688 1381440 0 0 0 0 0 0 0 
test.1.sm_70.ptx 529 : 242688 1225696 0 0 0 0 0 0 0 
test.1.sm_70.ptx 516 : 958464 342817888 1760544 0 0 134784 29952 0 0 
test.1.sm_70.ptx 515 : 958464 8647808 0 0 0 0 0 0 0 
test.1.sm_70.ptx 514 : 958464 8648192 0 0 0 0 0 0 0 
test.1.sm_70.ptx 513 : 958464 9648320 0 0 0 0 0 0 0 
test.1.sm_70.ptx 512 : 958464 8686656 0 0 0 0 0 0 0 
test.1.sm_70.ptx 526 : 970752 3810336 0 0 0 0 0 0 0 
test.1.sm_70.ptx 525 : 970752 5854272 0 0 0 0 0 0 0 
test.1.sm_70.ptx 524 : 970752 5882176 0 0 0 0 0 0 0 
test.1.sm_70.ptx 523 : 970752 8755488 0 0 0 0 0 0 0 
test.1.sm_70.ptx 522 : 970752 3241664 0 30336 30336 0 0 0 0 
test.1.sm_70.ptx 521 : 970752 8753760 0 0 0 0 0 0 0 
test.1.sm_70.ptx 520 : 970752 5882944 0 0 0 0 0 0 0 
test.1.sm_70.ptx 519 : 970752 9758208 0 0 0 0 0 0 0 
test.1.sm_70.ptx 510 : 970752 66688 0 0 0 0 0 0 0 
test.1.sm_70.ptx 509 : 970752 5951104 0 0 0 0 0 0 0 
test.1.sm_70.ptx 508 : 970752 9586336 0 0 0 0 0 0 0 
test.1.sm_70.ptx 507 : 970752 5893632 0 0 0 0 0 0 0 
test.1.sm_70.ptx 506 : 970752 8764448 0 0 0 0 0 0 0 
test.1.sm_70.ptx 505 : 970752 5855904 0 0 0 0 0 0 0 
test.1.sm_70.ptx 504 : 970752 8761280 0 0 0 0 0 0 0 
test.1.sm_70.ptx 503 : 970752 5857280 0 0 0 0 0 0 0 
test.1.sm_70.ptx 502 : 970752 5850400 0 0 0 0 0 0 0 
test.1.sm_70.ptx 501 : 970752 8750624 0 0 0 0 0 0 0 
test.1.sm_70.ptx 500 : 970752 3323616 0 30336 30336 0 0 0 0 
test.1.sm_70.ptx 499 : 970752 8764192 0 0 0 0 0 0 0 
test.1.sm_70.ptx 498 : 970752 5905088 0 0 0 0 0 0 0 
test.1.sm_70.ptx 916 : 40000 431296 0 0 0 0 0 0 0 
test.1.sm_70.ptx 207 : 40448 433248 0 0 0 0 0 0 0 
test.1.sm_70.ptx 915 : 40000 5379456 0 0 0 20000 1250 0 0 
test.1.sm_70.ptx 206 : 40448 315264 0 0 0 0 0 0 0 
test.1.sm_70.ptx 914 : 40000 4771648 0 0 0 2500 1250 0 0 
test.1.sm_70.ptx 205 : 40448 444064 0 0 0 0 0 0 0 
test.1.sm_70.ptx 913 : 40000 981472 0 0 0 0 0 0 0 
test.1.sm_70.ptx 204 : 40448 299680 0 0 0 0 0 0 0 
test.1.sm_70.ptx 912 : 40000 5527136 0 0 0 20000 1250 0 0 
test.1.sm_70.ptx 203 : 40448 290400 0 0 0 0 0 0 0 
test.1.sm_70.ptx 911 : 40000 4929920 0 0 0 2500 1250 0 0 
test.1.sm_70.ptx 202 : 40448 278176 0 0 0 0 0 0 0 
test.1.sm_70.ptx 910 : 40000 1123648 0 0 0 0 0 0 0 
test.1.sm_70.ptx 201 : 40448 402016 0 0 0 0 0 0 0 
test.1.sm_70.ptx 909 : 40000 5586432 0 0 0 20000 1250 0 0 
test.1.sm_70.ptx 200 : 40448 279008 0 0 0 0 0 0 0 
test.1.sm_70.ptx 908 : 40000 4988544 0 0 0 2500 1250 0 0 
test.1.sm_70.ptx 199 : 40448 381728 0 0 0 0 0 0 0 
test.1.sm_70.ptx 907 : 40000 1218176 0 0 0 0 0 0 0 
test.1.sm_70.ptx 198 : 40448 375936 0 0 0 0 0 0 0 
test.1.sm_70.ptx 906 : 40000 5334528 0 0 0 20000 1250 0 0 
test.1.sm_70.ptx 197 : 40448 380032 0 0 0 0 0 0 0 
test.1.sm_70.ptx 905 : 40000 4664416 0 0 0 2500 1250 0 0 
test.1.sm_70.ptx 196 : 40448 742304 0 0 0 0 0 0 0 
test.1.sm_70.ptx 195 : 40448 377280 0 0 0 0 0 0 0 
test.1.sm_70.ptx 194 : 40448 265632 0 0 0 0 0 0 0 
test.1.sm_70.ptx 902 : 40000 912128 0 0 0 0 0 0 0 
test.1.sm_70.ptx 193 : 40448 409248 0 0 0 0 0 0 0 
test.1.sm_70.ptx 901 : 40000 669920 0 0 0 0 0 0 0 
test.1.sm_70.ptx 192 : 40448 405088 0 0 0 0 0 0 0 
test.1.sm_70.ptx 900 : 40000 627872 0 0 0 0 0 0 0 
test.1.sm_70.ptx 191 : 40448 425760 0 0 0 0 0 0 0 
test.1.sm_70.ptx 899 : 40000 587744 0 0 0 0 0 0 0 
test.1.sm_70.ptx 190 : 40448 795136 0 0 0 0 0 0 0 
test.1.sm_70.ptx 897 : 40000 602016 0 0 0 0 0 0 0 
test.1.sm_70.ptx 188 : 40448 0 0 0 0 0 0 0 0 
test.1.sm_70.ptx 896 : 40000 602880 0 0 0 0 0 0 0 
test.1.sm_70.ptx 187 : 40448 298016 0 0 0 0 0 0 0 
test.1.sm_70.ptx 895 : 40000 499200 0 0 0 0 0 0 0 
test.1.sm_70.ptx 186 : 40448 305088 0 0 0 0 0 0 0 
test.1.sm_70.ptx 1679 : 40000 394112 0 0 0 0 0 0 0 
test.1.sm_70.ptx 185 : 40448 299968 0 0 0 0 0 0 0 
test.1.sm_70.ptx 1678 : 40000 386016 0 0 0 0 0 0 0 
test.1.sm_70.ptx 893 : 40000 0 0 0 0 0 0 0 0 
test.1.sm_70.ptx 184 : 40448 303808 0 0 0 0 0 0 0 
test.1.sm_70.ptx 1677 : 40000 468992 0 0 0 0 0 0 0 
test.1.sm_70.ptx 892 : 40000 504288 0 0 0 0 0 0 0 
test.1.sm_70.ptx 183 : 40448 308704 0 0 0 0 0 0 0 
test.1.sm_70.ptx 1676 : 40000 425856 0 0 0 0 0 0 0 
test.1.sm_70.ptx 891 : 40000 554688 0 0 0 0 0 0 0 
test.1.sm_70.ptx 182 : 40448 297152 0 0 0 0 0 0 0 
test.1.sm_70.ptx 181 : 40448 306944 0 0 0 0 0 0 0 
test.1.sm_70.ptx 1674 : 40448 2400 0 0 0 0 0 0 0 
test.1.sm_70.ptx 1598 : 40448 2400 0 0 0 0 0 0 0 
test.1.sm_70.ptx 105 : 490000 5695588 0 0 0 0 0 0 0 
test.1.sm_70.ptx 180 : 40448 306176 0 0 0 0 0 0 0 
test.1.sm_70.ptx 1673 : 40448 584416 0 0 0 0 0 0 0 
test.1.sm_70.ptx 1597 : 40448 398464 0 0 0 0 0 0 0 
test.1.sm_70.ptx 104 : 490000 5685448 0 0 0 0 0 0 0 
test.1.sm_70.ptx 179 : 40448 310496 0 0 0 0 0 0 0 
test.1.sm_70.ptx 1596 : 40448 581280 0 0 0 0 0 0 0 
test.1.sm_70.ptx 103 : 490000 6110224 0 0 0 0 0 0 0 
test.1.sm_70.ptx 178 : 40448 304128 0 0 0 0 0 0 0 
test.1.sm_70.ptx 1595 : 40448 583968 0 0 0 0 0 0 0 
test.1.sm_70.ptx 102 : 490000 6363336 0 0 0 0 0 0 0 
test.1.sm_70.ptx 177 : 40448 288352 0 0 0 0 0 0 0 
test.1.sm_70.ptx 1670 : 40000 4306400 0 0 0 10000 1250 0 0 
test.1.sm_70.ptx 1594 : 40448 588704 0 0 0 0 0 0 0 
test.1.sm_70.ptx 101 : 490000 9065412 0 0 0 0 0 0 0 
test.1.sm_70.ptx 176 : 40448 308160 0 0 0 0 0 0 0 
test.1.sm_70.ptx 1669 : 40000 776128 0 0 0 0 0 0 0 
test.1.sm_70.ptx 1593 : 40448 530848 0 0 0 0 0 0 0 
test.1.sm_70.ptx 100 : 490000 4666104 0 0 0 0 0 0 0 
test.1.sm_70.ptx 175 : 40448 310464 0 0 0 0 0 0 0 
test.1.sm_70.ptx 1592 : 40448 557024 0 0 0 0 0 0 0 
test.1.sm_70.ptx 99 : 490000 32031128 32 0 0 17500 17500 0 0 
test.1.sm_70.ptx 174 : 40448 305088 0 0 0 0 0 0 0 
test.1.sm_70.ptx 1667 : 40000 0 0 0 0 0 0 0 0 
test.1.sm_70.ptx 1591 : 40448 514912 0 0 0 0 0 0 0 
test.1.sm_70.ptx 98 : 490000 4999456 0 0 0 0 0 0 0 
test.1.sm_70.ptx 173 : 40448 308384 0 0 0 0 0 0 0 
test.1.sm_70.ptx 1666 : 40000 633856 0 0 0 0 0 0 0 
test.1.sm_70.ptx 1590 : 40448 785056 0 0 0 0 0 0 0 
test.1.sm_70.ptx 97 : 490000 25994740 0 0 0 155000 17500 0 0 
test.1.sm_70.ptx 172 : 40448 312448 0 0 0 0 0 0 0 
test.1.sm_70.ptx 1665 : 40000 4174080 0 0 0 10000 1250 0 0 
test.1.sm_70.ptx 171 : 40448 310080 0 0 0 0 0 0 0 
test.1.sm_70.ptx 1664 : 40000 607744 0 0 0 0 0 0 0 
test.1.sm_70.ptx 170 : 40448 297696 0 0 0 0 0 0 0 
test.1.sm_70.ptx 1663 : 40000 575136 0 0 0 0 0 0 0 
test.1.sm_70.ptx 169 : 40448 426016 0 0 0 0 0 0 0 
test.1.sm_70.ptx 1662 : 40000 572192 0 0 0 0 0 0 0 
test.1.sm_70.ptx 168 : 40448 335264 0 0 0 0 0 0 0 
test.1.sm_70.ptx 1661 : 40000 447328 0 0 0 0 0 0 0 
test.1.sm_70.ptx 167 : 40448 349568 0 0 0 0 0 0 0 
test.1.sm_70.ptx 1660 : 40000 4775584 0 0 0 5000 1250 0 0 
test.1.sm_70.ptx 166 : 40448 453696 0 0 0 0 0 0 0 
test.1.sm_70.ptx 1659 : 40000 562432 0 0 0 0 0 0 0 
test.1.sm_70.ptx 165 : 40448 325664 0 0 0 0 0 0 0 
test.1.sm_70.ptx 1658 : 40000 499584 0 0 0 0 0 0 0 
test.1.sm_70.ptx 164 : 40448 434144 0 0 0 0 0 0 0 
test.1.sm_70.ptx 163 : 40448 308640 0 0 0 0 0 0 0 
test.1.sm_70.ptx 162 : 40448 301600 0 0 0 0 0 0 0 
test.1.sm_70.ptx 1655 : 40000 0 0 0 0 0 0 0 0 
test.1.sm_70.ptx 161 : 40448 316992 0 0 0 0 0 0 0 
test.1.sm_70.ptx 1654 : 40000 462560 0 0 0 0 0 0 0 
test.1.sm_70.ptx 869 : 40000 421408 0 0 0 0 0 0 0 
test.1.sm_70.ptx 160 : 40448 296640 0 0 0 0 0 0 0 
test.1.sm_70.ptx 1653 : 40000 477184 0 0 0 0 0 0 0 
test.1.sm_70.ptx 497 : 970752 9733792 0 0 0 0 0 0 0 
test.1.sm_70.ptx 868 : 40000 410784 0 0 0 0 0 0 0 
test.1.sm_70.ptx 159 : 40448 398016 0 0 0 0 0 0 0 
test.1.sm_70.ptx 1652 : 40000 511136 0 0 0 0 0 0 0 
test.1.sm_70.ptx 867 : 40000 495104 0 0 0 0 0 0 0 
test.1.sm_70.ptx 158 : 40448 265504 0 0 0 0 0 0 0 
test.1.sm_70.ptx 1651 : 40000 520320 0 0 0 0 0 0 0 
test.1.sm_70.ptx 866 : 40000 438464 0 0 0 0 0 0 0 
test.1.sm_70.ptx 157 : 40448 242176 0 0 0 0 0 0 0 
test.1.sm_70.ptx 1650 : 40000 476064 0 0 0 0 0 0 0 
test.1.sm_70.ptx 494 : 958464 341804736 1755552 0 0 134784 29952 0 0 
test.1.sm_70.ptx 156 : 40448 242688 0 0 0 0 0 0 0 
test.1.sm_70.ptx 1649 : 40000 5409120 0 0 0 20000 1250 0 0 
test.1.sm_70.ptx 493 : 958464 8663264 0 0 0 0 0 0 0 
test.1.sm_70.ptx 864 : 40448 2496 0 0 0 0 0 0 0 
test.1.sm_70.ptx 155 : 40448 242688 0 0 0 0 0 0 0 
test.1.sm_70.ptx 1648 : 40000 4807808 0 0 0 2500 1250 0 0 
test.1.sm_70.ptx 492 : 958464 8662176 0 0 0 0 0 0 0 
test.1.sm_70.ptx 863 : 40448 620736 0 0 0 0 0 0 0 
test.1.sm_70.ptx 154 : 40448 242688 0 0 0 0 0 0 0 
test.1.sm_70.ptx 1647 : 40000 999968 0 0 0 0 0 0 0 
test.1.sm_70.ptx 491 : 958464 9724224 0 0 0 0 0 0 0 
test.1.sm_70.ptx 153 : 40448 242688 0 0 0 0 0 0 0 
test.1.sm_70.ptx 1646 : 40000 5498112 0 0 0 20000 1250 0 0 
test.1.sm_70.ptx 490 : 958464 8671360 0 0 0 0 0 0 0 
test.1.sm_70.ptx 152 : 40448 242688 0 0 0 0 0 0 0 
test.1.sm_70.ptx 1645 : 40000 4886400 0 0 0 2500 1250 0 0 
test.1.sm_70.ptx 860 : 40000 4375904 0 0 0 10000 1250 0 0 
test.1.sm_70.ptx 151 : 40448 1188608 0 0 0 0 0 0 0 
test.1.sm_70.ptx 1644 : 40000 1059264 0 0 0 0 0 0 0 
test.1.sm_70.ptx 488 : 970752 68640 0 0 0 0 0 0 0 
test.1.sm_70.ptx 859 : 40000 762560 0 0 0 0 0 0 0 
test.1.sm_70.ptx 150 : 40448 643360 0 0 0 0 0 0 0 
test.1.sm_70.ptx 1643 : 40000 5485888 0 0 0 20000 1250 0 0 
test.1.sm_70.ptx 487 : 970752 5882272 0 0 0 0 0 0 0 
test.1.sm_70.ptx 149 : 40448 647168 0 0 0 0 0 0 0 
test.1.sm_70.ptx 1642 : 40000 4886112 0 0 0 2500 1250 0 0 
test.1.sm_70.ptx 486 : 970752 5320544 0 0 0 0 0 0 0 
test.1.sm_70.ptx 857 : 40000 0 0 0 0 0 0 0 0 
test.1.sm_70.ptx 148 : 40448 647168 0 0 0 0 0 0 0 
test.1.sm_70.ptx 1641 : 40000 1130496 0 0 0 0 0 0 0 
test.1.sm_70.ptx 485 : 970752 5943232 0 0 0 0 0 0 0 
test.1.sm_70.ptx 856 : 40000 650080 0 0 0 0 0 0 0 
test.1.sm_70.ptx 147 : 40448 646816 0 0 0 0 0 0 0 
test.1.sm_70.ptx 1640 : 40000 5302784 0 0 0 20000 1250 0 0 
test.1.sm_70.ptx 484 : 970752 9569568 0 0 0 0 0 0 0 
test.1.sm_70.ptx 855 : 40000 4010848 0 0 0 10000 1250 0 0 
test.1.sm_70.ptx 146 : 40448 645632 0 0 0 0 0 0 0 
test.1.sm_70.ptx 1639 : 40000 15201216 39872 0 0 2500 1250 0 0 
test.1.sm_70.ptx 483 : 970752 5928608 0 0 0 0 0 0 0 
test.1.sm_70.ptx 854 : 40000 630400 0 0 0 0 0 0 0 
test.1.sm_70.ptx 145 : 40448 633696 0 0 0 0 0 0 0 
test.1.sm_70.ptx 482 : 970752 8782592 0 0 0 0 0 0 0 
test.1.sm_70.ptx 853 : 40000 585152 0 0 0 0 0 0 0 
test.1.sm_70.ptx 144 : 40448 509888 0 0 0 0 0 0 0 
test.1.sm_70.ptx 481 : 970752 5873344 0 0 0 0 0 0 0 
test.1.sm_70.ptx 852 : 40000 576768 0 0 0 0 0 0 0 
test.1.sm_70.ptx 143 : 40448 454208 0 0 0 0 0 0 0 
test.1.sm_70.ptx 1636 : 40000 815776 0 0 0 0 0 0 0 
test.1.sm_70.ptx 480 : 970752 8778464 0 0 0 0 0 0 0 
test.1.sm_70.ptx 119 : 490000 4097880 0 0 0 0 0 0 0 
test.1.sm_70.ptx 456 : 970752 5859328 0 0 0 0 0 0 0 
test.1.sm_70.ptx 785 : 40448 498080 0 0 0 0 0 0 0 
test.1.sm_70.ptx 76 : 490000 3678800 0 0 0 0 0 0 0 
test.1.sm_70.ptx 1569 : 40000 0 0 0 0 0 0 0 0 
test.1.sm_70.ptx 784 : 40448 506272 0 0 0 0 0 0 0 
test.1.sm_70.ptx 75 : 490000 942945300 5516576 0 0 190000 17500 0 0 
test.1.sm_70.ptx 1568 : 40000 513120 0 0 0 0 0 0 0 
test.1.sm_70.ptx 783 : 40448 486336 0 0 0 0 0 0 0 
test.1.sm_70.ptx 74 : 490000 4412920 0 0 0 0 0 0 0 
test.1.sm_70.ptx 1567 : 40000 481856 0 0 0 0 0 0 0 
test.1.sm_70.ptx 782 : 40448 495584 0 0 0 0 0 0 0 
test.1.sm_70.ptx 73 : 490000 27315624 0 0 0 155000 17500 0 0 
test.1.sm_70.ptx 1566 : 40000 521472 0 0 0 0 0 0 0 
test.1.sm_70.ptx 781 : 40448 432736 0 0 0 0 0 0 0 
test.1.sm_70.ptx 72 : 490000 4426084 0 0 0 0 0 0 0 
test.1.sm_70.ptx 1565 : 40000 531104 0 0 0 0 0 0 0 
test.1.sm_70.ptx 780 : 40448 548256 0 0 0 0 0 0 0 
test.1.sm_70.ptx 71 : 490000 758227416 2319552 0 0 155000 17500 0 0 
test.1.sm_70.ptx 1564 : 40000 484768 0 0 0 0 0 0 0 
test.1.sm_70.ptx 779 : 40448 506080 0 0 0 0 0 0 0 
test.1.sm_70.ptx 70 : 490000 5759896 0 0 0 0 0 0 0 
test.1.sm_70.ptx 1563 : 40000 5462432 0 0 0 20000 1250 0 0 
test.1.sm_70.ptx 69 : 490000 32884164 0 0 0 190000 17500 0 0 
test.1.sm_70.ptx 1562 : 40000 4836512 0 0 0 2500 1250 0 0 
test.1.sm_70.ptx 68 : 490000 5818668 0 0 0 0 0 0 0 
test.1.sm_70.ptx 1561 : 40000 985664 0 0 0 0 0 0 0 
test.1.sm_70.ptx 776 : 40000 3767840 0 0 0 10000 1250 0 0 
test.1.sm_70.ptx 67 : 490000 592769832 5599680 0 0 190000 17500 0 0 
test.1.sm_70.ptx 1560 : 40000 5465824 0 0 0 20000 1250 0 0 
test.1.sm_70.ptx 775 : 40000 550240 0 0 0 0 0 0 0 
test.1.sm_70.ptx 66 : 490000 7060856 0 0 0 0 0 0 0 
test.1.sm_70.ptx 1559 : 40000 4858272 0 0 0 2500 1250 0 0 
test.1.sm_70.ptx 774 : 40000 585504 0 0 0 0 0 0 0 
test.1.sm_70.ptx 65 : 490000 7164152 0 0 0 0 0 0 0 
test.1.sm_70.ptx 1558 : 40000 1073344 0 0 0 0 0 0 0 
test.1.sm_70.ptx 773 : 40000 520832 0 0 0 0 0 0 0 
test.1.sm_70.ptx 64 : 490000 7670636 0 0 0 0 0 0 0 
test.1.sm_70.ptx 1557 : 40000 5441056 0 0 0 20000 1250 0 0 
test.1.sm_70.ptx 230 : 40448 470432 0 0 0 0 0 0 0 
test.1.sm_70.ptx 1723 : 40000 1048096 0 0 0 0 0 0 0 
test.1.sm_70.ptx 772 : 40000 746528 0 0 0 0 0 0 0 
test.1.sm_70.ptx 63 : 490000 5654200 0 0 0 0 0 0 0 
test.1.sm_70.ptx 1556 : 40000 4820896 0 0 0 2500 1250 0 0 
test.1.sm_70.ptx 229 : 40448 481600 0 0 0 0 0 0 0 
test.1.sm_70.ptx 1722 : 40000 5504192 0 0 0 20000 1250 0 0 
test.1.sm_70.ptx 62 : 490000 6323764 0 0 0 0 0 0 0 
test.1.sm_70.ptx 1555 : 40000 1041792 0 0 0 0 0 0 0 
test.1.sm_70.ptx 228 : 40448 360864 0 0 0 0 0 0 0 
test.1.sm_70.ptx 1721 : 40000 4905184 0 0 0 2500 1250 0 0 
test.1.sm_70.ptx 770 : 40000 0 0 0 0 0 0 0 0 
test.1.sm_70.ptx 61 : 490000 6622016 0 0 0 0 0 0 0 
test.1.sm_70.ptx 1554 : 40000 5213792 0 0 0 20000 1250 0 0 
test.1.sm_70.ptx 227 : 40448 478368 0 0 0 0 0 0 0 
test.1.sm_70.ptx 1720 : 40000 1072192 0 0 0 0 0 0 0 
test.1.sm_70.ptx 769 : 40000 497184 0 0 0 0 0 0 0 
test.1.sm_70.ptx 60 : 490000 42879328 0 0 0 17500 17500 0 0 
test.1.sm_70.ptx 1553 : 40000 4550912 0 0 0 2500 1250 0 0 
test.1.sm_70.ptx 226 : 40448 481856 0 0 0 0 0 0 0 
test.1.sm_70.ptx 1719 : 40000 5460544 0 0 0 20000 1250 0 0 
test.1.sm_70.ptx 768 : 40000 3511520 0 0 0 10000 1250 0 0 
test.1.sm_70.ptx 59 : 490000 44386584 0 0 0 17500 17500 0 0 
test.1.sm_70.ptx 225 : 40448 491968 0 0 0 0 0 0 0 
test.1.sm_70.ptx 1718 : 40000 4844352 0 0 0 2500 1250 0 0 
test.1.sm_70.ptx 767 : 40000 472960 0 0 0 0 0 0 0 
test.1.sm_70.ptx 58 : 490000 44793952 0 0 0 17500 17500 0 0 
test.1.sm_70.ptx 224 : 40448 474176 0 0 0 0 0 0 0 
test.1.sm_70.ptx 1717 : 40000 1054016 0 0 0 0 0 0 0 
test.1.sm_70.ptx 766 : 40000 440160 0 0 0 0 0 0 0 
test.1.sm_70.ptx 57 : 490000 44314564 32 0 0 17500 17500 0 0 
test.1.sm_70.ptx 1550 : 40000 766848 0 0 0 0 0 0 0 
test.1.sm_70.ptx 213 : 40448 470592 0 0 0 0 0 0 0 
test.1.sm_70.ptx 1706 : 40000 599872 0 0 0 0 0 0 0 
test.1.sm_70.ptx 755 : 40000 509088 0 0 0 0 0 0 0 
test.1.sm_70.ptx 46 : 490000 4012848 0 0 0 0 0 0 0 
test.1.sm_70.ptx 1539 : 40000 514784 0 0 0 0 0 0 0 
test.1.sm_70.ptx 921 : 40000 0 0 0 0 0 0 0 0 
test.1.sm_70.ptx 212 : 40448 350656 0 0 0 0 0 0 0 
test.1.sm_70.ptx 1705 : 40000 509728 0 0 0 0 0 0 0 
test.1.sm_70.ptx 754 : 40000 542048 0 0 0 0 0 0 0 
test.1.sm_70.ptx 45 : 490000 7341124 0 0 0 0 0 0 0 
test.1.sm_70.ptx 920 : 40000 445408 0 0 0 0 0 0 0 
test.1.sm_70.ptx 211 : 40448 451872 0 0 0 0 0 0 0 
test.1.sm_70.ptx 753 : 40000 490560 0 0 0 0 0 0 0 
test.1.sm_70.ptx 44 : 490000 10573064 0 0 0 0 0 0 0 
test.1.sm_70.ptx 919 : 40000 458592 0 0 0 0 0 0 0 
test.1.sm_70.ptx 210 : 40448 486688 0 0 0 0 0 0 0 
test.1.sm_70.ptx 1703 : 40000 0 0 0 0 0 0 0 0 
test.1.sm_70.ptx 752 : 40000 5625120 0 0 0 20000 1250 0 0 
test.1.sm_70.ptx 43 : 490000 11670584 0 0 0 0 0 0 0 
test.1.sm_70.ptx 917 : 40000 500096 0 0 0 0 0 0 0 
test.1.sm_70.ptx 208 : 40448 455072 0 0 0 0 0 0 0 
test.1.sm_70.ptx 1701 : 40000 522208 0 0 0 0 0 0 0 
test.1.sm_70.ptx 750 : 40000 1905216 0 0 0 0 0 0 0 
test.1.sm_70.ptx 41 : 490000 13089128 0 0 0 0 0 0 0 
test.1.sm_70.ptx 378 : 242688 1575008 0 0 0 0 0 0 0 
test.1.sm_70.ptx 1871 : 40000 453536 0 0 0 0 0 0 0 
test.1.sm_70.ptx 918 : 40000 469472 0 0 0 0 0 0 0 
test.1.sm_70.ptx 209 : 40448 344960 0 0 0 0 0 0 0 
test.1.sm_70.ptx 1702 : 40000 483584 0 0 0 0 0 0 0 
test.1.sm_70.ptx 751 : 40000 5049728 0 0 0 2500 1250 0 0 
test.1.sm_70.ptx 42 : 490000 12579732 0 0 0 0 0 0 0 
test.1.sm_70.ptx 379 : 242688 1460352 0 0 0 0 0 0 0 
test.1.sm_70.ptx 1872 : 40000 474720 0 0 0 0 0 0 0 
test.1.sm_70.ptx 214 : 40448 362560 0 0 0 0 0 0 0 
test.1.sm_70.ptx 1707 : 40000 609312 0 0 0 0 0 0 0 
test.1.sm_70.ptx 756 : 40000 488768 0 0 0 0 0 0 0 
test.1.sm_70.ptx 47 : 490000 3995060 0 0 0 0 0 0 0 
test.1.sm_70.ptx 1540 : 40000 457632 0 0 0 0 0 0 0 
test.1.sm_70.ptx 924 : 40000 462016 0 0 0 0 0 0 0 
test.1.sm_70.ptx 215 : 40448 488512 0 0 0 0 0 0 0 
test.1.sm_70.ptx 1708 : 40000 583072 0 0 0 0 0 0 0 
test.1.sm_70.ptx 757 : 40000 405088 0 0 0 0 0 0 0 
test.1.sm_70.ptx 48 : 490000 4001900 0 0 0 0 0 0 0 
test.1.sm_70.ptx 1541 : 40000 0 0 0 0 0 0 0 0 
test.1.sm_70.ptx 925 : 40000 555424 0 0 0 0 0 0 0 
test.1.sm_70.ptx 216 : 40448 361728 0 0 0 0 0 0 0 
test.1.sm_70.ptx 1709 : 40000 566560 0 0 0 0 0 0 0 
test.1.sm_70.ptx 758 : 40000 0 0 0 0 0 0 0 0 
test.1.sm_70.ptx 49 : 490000 3713696 0 0 0 0 0 0 0 
test.1.sm_70.ptx 926 : 40000 4670240 0 0 0 5000 1250 0 0 
test.1.sm_70.ptx 217 : 40448 472480 0 0 0 0 0 0 0 
test.1.sm_70.ptx 1710 : 40000 554752 0 0 0 0 0 0 0 
test.1.sm_70.ptx 50 : 490000 3765224 0 0 0 0 0 0 0 
test.1.sm_70.ptx 1543 : 40000 506528 0 0 0 0 0 0 0 
test.1.sm_70.ptx 927 : 40000 439872 0 0 0 0 0 0 0 
test.1.sm_70.ptx 218 : 40448 360160 0 0 0 0 0 0 0 
test.1.sm_70.ptx 1711 : 40000 581280 0 0 0 0 0 0 0 
test.1.sm_70.ptx 51 : 490000 4404680 0 0 0 0 0 0 0 
test.1.sm_70.ptx 1544 : 40000 570816 0 0 0 0 0 0 0 
test.1.sm_70.ptx 928 : 40000 572672 0 0 0 0 0 0 0 
test.1.sm_70.ptx 219 : 40448 359712 0 0 0 0 0 0 0 
test.1.sm_70.ptx 1712 : 40000 794624 0 0 0 0 0 0 0 
test.1.sm_70.ptx 761 : 40000 431584 0 0 0 0 0 0 0 
test.1.sm_70.ptx 52 : 490000 6813092 0 0 0 0 0 0 0 
test.1.sm_70.ptx 1545 : 40000 572640 0 0 0 0 0 0 0 
test.1.sm_70.ptx 929 : 40000 553888 0 0 0 0 0 0 0 
test.1.sm_70.ptx 220 : 40448 472576 0 0 0 0 0 0 0 
test.1.sm_70.ptx 762 : 40000 515904 0 0 0 0 0 0 0 
test.1.sm_70.ptx 53 : 490000 5309464 0 0 0 0 0 0 0 
test.1.sm_70.ptx 1546 : 40000 589248 0 0 0 0 0 0 0 
test.1.sm_70.ptx 930 : 40000 558304 0 0 0 0 0 0 0 
test.1.sm_70.ptx 221 : 40448 357280 0 0 0 0 0 0 0 
test.1.sm_70.ptx 763 : 40000 4153056 0 0 0 5000 1250 0 0 
test.1.sm_70.ptx 54 : 490000 5535080 0 0 0 0 0 0 0 
test.1.sm_70.ptx 1547 : 40000 539424 0 0 0 0 0 0 0 
test.1.sm_70.ptx 931 : 40000 4100352 0 0 0 10000 1250 0 0 
test.1.sm_70.ptx 222 : 40448 506848 0 0 0 0 0 0 0 
test.1.sm_70.ptx 1715 : 40000 4621440 0 0 0 2500 1250 0 0 
test.1.sm_70.ptx 764 : 40000 391840 0 0 0 0 0 0 0 
test.1.sm_70.ptx 55 : 490000 8711948 0 0 0 0 0 0 0 
test.1.sm_70.ptx 1548 : 40000 564704 0 0 0 0 0 0 0 
test.1.sm_70.ptx 932 : 40000 610400 0 0 0 0 0 0 0 
test.1.sm_70.ptx 223 : 40448 368192 0 0 0 0 0 0 0 
test.1.sm_70.ptx 1716 : 40000 5252608 0 0 0 20000 1250 0 0 
test.1.sm_70.ptx 765 : 40000 470592 0 0 0 0 0 0 0 
test.1.sm_70.ptx 56 : 490000 11513340 0 0 0 0 0 0 0 
test.1.sm_70.ptx 1549 : 40000 568896 0 0 0 0 0 0 0 
test.1.sm_70.ptx 786 : 40448 468672 0 0 0 0 0 0 0 
test.1.sm_70.ptx 77 : 490000 23890648 0 0 0 190000 17500 0 0 
test.1.sm_70.ptx 787 : 40448 315584 0 0 0 0 0 0 0 
test.1.sm_70.ptx 78 : 490000 3578252 0 0 0 0 0 0 0 
test.1.sm_70.ptx 788 : 40448 2432 0 0 0 0 0 0 0 
test.1.sm_70.ptx 79 : 490000 1049632440 2323616 0 0 155000 17500 0 0 
test.1.sm_70.ptx 1572 : 40000 521888 0 0 0 0 0 0 0 
test.1.sm_70.ptx 80 : 490000 3164152 0 0 0 0 0 0 0 
test.1.sm_70.ptx 1573 : 40000 610784 0 0 0 0 0 0 0 
test.1.sm_70.ptx 790 : 40000 301184 0 0 0 0 0 0 0 
test.1.sm_70.ptx 81 : 490000 21080692 0 0 0 155000 17500 0 0 
test.1.sm_70.ptx 1574 : 40000 4797856 0 0 0 5000 1250 0 0 
test.1.sm_70.ptx 791 : 40000 326976 0 0 0 0 0 0 0 
test.1.sm_70.ptx 82 : 490000 3161352 0 0 0 0 0 0 0 
test.1.sm_70.ptx 1575 : 40000 452960 0 0 0 0 0 0 0 
test.1.sm_70.ptx 792 : 40000 304832 0 0 0 0 0 0 0 
test.1.sm_70.ptx 83 : 490000 1081847344 5509888 0 0 190000 17500 0 0 
test.1.sm_70.ptx 1576 : 40000 628480 0 0 0 0 0 0 0 
test.1.sm_70.ptx 793 : 40000 291872 0 0 0 0 0 0 0 
test.1.sm_70.ptx 84 : 490000 3082756 0 0 0 0 0 0 0 
test.1.sm_70.ptx 1577 : 40000 588928 0 0 0 0 0 0 0 
test.1.sm_70.ptx 85 : 490000 21412780 0 0 0 190000 17500 0 0 
test.1.sm_70.ptx 1578 : 40000 630208 0 0 0 0 0 0 0 
test.1.sm_70.ptx 86 : 490000 3022420 0 0 0 0 0 0 0 
test.1.sm_70.ptx 1579 : 40000 4315968 0 0 0 10000 1250 0 0 
test.1.sm_70.ptx 87 : 490000 1005268780 2330080 0 0 155000 17500 0 0 
test.1.sm_70.ptx 1580 : 40000 693920 0 0 0 0 0 0 0 
test.1.sm_70.ptx 88 : 490000 3081592 0 0 0 0 0 0 0 
test.1.sm_70.ptx 1581 : 40000 0 0 0 0 0 0 0 0 
test.1.sm_70.ptx 89 : 490000 21085132 0 0 0 155000 17500 0 0 
test.1.sm_70.ptx 90 : 490000 3108968 0 0 0 0 0 0 0 
test.1.sm_70.ptx 1583 : 40000 777920 0 0 0 0 0 0 0 
test.1.sm_70.ptx 91 : 490000 882360648 5504928 0 0 190000 17500 0 0 
test.1.sm_70.ptx 1584 : 40000 580256 0 0 0 0 0 0 0 
test.1.sm_70.ptx 428 : 242688 1583488 0 0 0 0 0 0 0 
test.1.sm_70.ptx 92 : 490000 3653732 0 0 0 0 0 0 0 
test.1.sm_70.ptx 1585 : 40000 626912 0 0 0 0 0 0 0 
test.1.sm_70.ptx 429 : 242688 0 0 0 0 0 0 0 0 
test.1.sm_70.ptx 1511 : 40448 614336 0 0 0 0 0 0 0 
test.1.sm_70.ptx 93 : 490000 24069456 0 0 0 190000 17500 0 0 
test.1.sm_70.ptx 1586 : 40000 630688 0 0 0 0 0 0 0 
test.1.sm_70.ptx 1512 : 40448 2368 0 0 0 0 0 0 0 
test.1.sm_70.ptx 94 : 490000 3709436 0 0 0 0 0 0 0 
test.1.sm_70.ptx 1587 : 40000 4290048 0 0 0 10000 1250 0 0 
test.1.sm_70.ptx 95 : 490000 721769116 2322912 0 0 155000 17500 0 0 
test.1.sm_70.ptx 432 : 970752 5994432 0 0 0 0 0 0 0 
test.1.sm_70.ptx 96 : 490000 4808272 0 0 0 0 0 0 0 
test.1.sm_70.ptx 433 : 970752 5990304 0 0 0 0 0 0 0 
test.1.sm_70.ptx 434 : 970752 8886176 0 0 0 0 0 0 0 
test.1.sm_70.ptx 435 : 970752 5995584 0 0 0 0 0 0 0 
test.1.sm_70.ptx 436 : 970752 8896640 0 0 0 0 0 0 0 
test.1.sm_70.ptx 437 : 970752 6060512 0 0 0 0 0 0 0 
test.1.sm_70.ptx 438 : 970752 8913152 0 0 0 0 0 0 0 
test.1.sm_70.ptx 439 : 970752 6056000 0 0 0 0 0 0 0 
test.1.sm_70.ptx 440 : 970752 5482656 0 0 0 0 0 0 0 
test.1.sm_70.ptx 441 : 970752 6020160 0 0 0 0 0 0 0 
test.1.sm_70.ptx 442 : 970752 52256 0 0 0 0 0 0 0 
test.1.sm_70.ptx 815 : 40000 423456 0 0 0 0 0 0 0 
test.1.sm_70.ptx 106 : 490000 14380736 0 0 0 62500 17500 0 0 
test.1.sm_70.ptx 816 : 40000 316960 0 0 0 0 0 0 0 
test.1.sm_70.ptx 107 : 490000 24264980 0 0 0 17500 17500 0 0 
test.1.sm_70.ptx 1600 : 40000 379840 0 0 0 0 0 0 0 
test.1.sm_70.ptx 444 : 961536 8826080 0 0 0 0 0 0 0 
test.1.sm_70.ptx 817 : 40000 0 0 0 0 0 0 0 0 
test.1.sm_70.ptx 108 : 490000 4762364 0 0 0 0 0 0 0 
test.1.sm_70.ptx 1601 : 40000 422592 0 0 0 0 0 0 0 
test.1.sm_70.ptx 445 : 961536 9752768 0 0 0 0 0 0 0 
test.1.sm_70.ptx 109 : 490000 9110276 0 0 0 0 0 0 0 
test.1.sm_70.ptx 1602 : 40000 359680 0 0 0 0 0 0 0 
test.1.sm_70.ptx 446 : 961536 8776064 0 0 0 0 0 0 0 
test.1.sm_70.ptx 819 : 40000 421824 0 0 0 0 0 0 0 
test.1.sm_70.ptx 110 : 490000 14782360 0 0 0 77500 17500 0 0 
test.1.sm_70.ptx 1603 : 40000 383104 0 0 0 0 0 0 0 
test.1.sm_70.ptx 447 : 961536 8765216 0 0 0 0 0 0 0 
test.1.sm_70.ptx 820 : 40000 447456 0 0 0 0 0 0 0 
test.1.sm_70.ptx 111 : 490000 24330660 0 0 0 17500 17500 0 0 
test.1.sm_70.ptx 448 : 961536 337806784 1750944 0 0 135216 30048 0 0 
test.1.sm_70.ptx 821 : 40000 456864 0 0 0 0 0 0 0 
test.1.sm_70.ptx 112 : 490000 4726172 0 0 0 0 0 0 0 
test.1.sm_70.ptx 822 : 40000 483328 0 0 0 0 0 0 0 
test.1.sm_70.ptx 113 : 490000 9124620 0 0 0 0 0 0 0 
test.1.sm_70.ptx 823 : 40000 504608 0 0 0 0 0 0 0 
test.1.sm_70.ptx 114 : 490000 14416192 0 0 0 62500 17500 0 0 
test.1.sm_70.ptx 451 : 970752 9783520 0 0 0 0 0 0 0 
test.1.sm_70.ptx 824 : 40000 541504 0 0 0 0 0 0 0 
test.1.sm_70.ptx 115 : 490000 23930980 0 0 0 17500 17500 0 0 
test.1.sm_70.ptx 452 : 970752 5975744 0 0 0 0 0 0 0 
test.1.sm_70.ptx 825 : 40000 585088 0 0 0 0 0 0 0 
test.1.sm_70.ptx 116 : 490000 4744736 0 0 0 0 0 0 0 
test.1.sm_70.ptx 453 : 970752 8808128 0 0 0 0 0 0 0 
test.1.sm_70.ptx 826 : 40000 759392 0 0 0 0 0 0 0 
test.1.sm_70.ptx 117 : 490000 9114844 0 0 0 0 0 0 0 
test.1.sm_70.ptx 454 : 970752 3333504 0 30336 30336 0 0 0 0 
test.1.sm_70.ptx 118 : 490000 15158512 0 0 0 77500 17500 0 0 
test.1.sm_70.ptx 455 : 970752 8756160 0 0 0 0 0 0 0 
test.1.sm_70.ptx 231 : 40448 370304 0 0 0 0 0 0 0 
test.1.sm_70.ptx 1724 : 40000 4885920 0 0 0 2500 1250 0 0 
test.1.sm_70.ptx 232 : 40448 478688 0 0 0 0 0 0 0 
test.1.sm_70.ptx 1725 : 40000 5474720 0 0 0 20000 1250 0 0 
test.1.sm_70.ptx 942 : 40448 698144 0 0 0 0 0 0 0 
test.1.sm_70.ptx 233 : 40448 473088 0 0 0 0 0 0 0 
test.1.sm_70.ptx 1726 : 40000 463648 0 0 0 0 0 0 0 
test.1.sm_70.ptx 943 : 40448 461344 0 0 0 0 0 0 0 
test.1.sm_70.ptx 234 : 40448 481120 0 0 0 0 0 0 0 
test.1.sm_70.ptx 1727 : 40000 507904 0 0 0 0 0 0 0 
test.1.sm_70.ptx 944 : 40448 488384 0 0 0 0 0 0 0 
test.1.sm_70.ptx 235 : 40448 358752 0 0 0 0 0 0 0 
test.1.sm_70.ptx 1728 : 40000 489056 0 0 0 0 0 0 0 
test.1.sm_70.ptx 945 : 40448 492896 0 0 0 0 0 0 0 
test.1.sm_70.ptx 236 : 40448 371776 0 0 0 0 0 0 0 
test.1.sm_70.ptx 1729 : 40000 476032 0 0 0 0 0 0 0 
test.1.sm_70.ptx 946 : 40448 537920 0 0 0 0 0 0 0 
test.1.sm_70.ptx 237 : 40448 472096 0 0 0 0 0 0 0 
test.1.sm_70.ptx 1730 : 40000 451200 0 0 0 0 0 0 0 
test.1.sm_70.ptx 947 : 40448 541600 0 0 0 0 0 0 0 
test.1.sm_70.ptx 238 : 40448 365280 0 0 0 0 0 0 0 
test.1.sm_70.ptx 1731 : 40000 0 0 0 0 0 0 0 0 
test.1.sm_70.ptx 948 : 40448 546528 0 0 0 0 0 0 0 
test.1.sm_70.ptx 239 : 40448 481088 0 0 0 0 0 0 0 
test.1.sm_70.ptx 949 : 40448 347008 0 0 0 0 0 0 0 
test.1.sm_70.ptx 240 : 40448 375488 0 0 0 0 0 0 0 
test.1.sm_70.ptx 950 : 40448 2368 0 0 0 0 0 0 0 
test.1.sm_70.ptx 241 : 40448 471072 0 0 0 0 0 0 0 
test.1.sm_70.ptx 1734 : 40000 509248 0 0 0 0 0 0 0 
test.1.sm_70.ptx 242 : 40448 514016 0 0 0 0 0 0 0 
test.1.sm_70.ptx 1735 : 40000 574208 0 0 0 0 0 0 0 
test.1.sm_70.ptx 243 : 40448 480128 0 0 0 0 0 0 0 
test.1.sm_70.ptx 1736 : 40000 4757600 0 0 0 5000 1250 0 0 
test.1.sm_70.ptx 244 : 40448 502176 0 0 0 0 0 0 0 
test.1.sm_70.ptx 1737 : 40000 447424 0 0 0 0 0 0 0 
test.1.sm_70.ptx 245 : 40448 368000 0 0 0 0 0 0 0 
test.1.sm_70.ptx 1738 : 40000 574688 0 0 0 0 0 0 0 
test.1.sm_70.ptx 246 : 40448 481568 0 0 0 0 0 0 0 
test.1.sm_70.ptx 1739 : 40000 576736 0 0 0 0 0 0 0 
test.1.sm_70.ptx 247 : 40448 482944 0 0 0 0 0 0 0 
test.1.sm_70.ptx 1740 : 40000 616224 0 0 0 0 0 0 0 
test.1.sm_70.ptx 248 : 40448 493408 0 0 0 0 0 0 0 
test.1.sm_70.ptx 1741 : 40000 4192192 0 0 0 10000 1250 0 0 
test.1.sm_70.ptx 249 : 40448 514560 0 0 0 0 0 0 0 
test.1.sm_70.ptx 1742 : 40000 654144 0 0 0 0 0 0 0 
test.1.sm_70.ptx 250 : 40448 494912 0 0 0 0 0 0 0 
test.1.sm_70.ptx 1743 : 40000 0 0 0 0 0 0 0 0 
test.1.sm_70.ptx 251 : 40448 496192 0 0 0 0 0 0 0 
test.1.sm_70.ptx 252 : 40448 476064 0 0 0 0 0 0 0 
test.1.sm_70.ptx 1745 : 40000 770720 0 0 0 0 0 0 0 
test.1.sm_70.ptx 253 : 40448 481184 0 0 0 0 0 0 0 
test.1.sm_70.ptx 1746 : 40000 544192 0 0 0 0 0 0 0 
test.1.sm_70.ptx 254 : 40448 522560 0 0 0 0 0 0 0 
test.1.sm_70.ptx 1747 : 40000 597440 0 0 0 0 0 0 0 
test.1.sm_70.ptx 255 : 40448 461216 0 0 0 0 0 0 0 
test.1.sm_70.ptx 1748 : 40000 592256 0 0 0 0 0 0 0 
test.1.sm_70.ptx 256 : 40448 490560 0 0 0 0 0 0 0 
test.1.sm_70.ptx 1749 : 40000 4208000 0 0 0 10000 1250 0 0 
test.1.sm_70.ptx 257 : 40448 350528 0 0 0 0 0 0 0 
test.1.sm_70.ptx 260 : 242688 1409184 0 0 0 0 0 0 0 
test.1.sm_70.ptx 1753 : 40448 513536 0 0 0 0 0 0 0 
test.1.sm_70.ptx 261 : 242688 1550080 0 0 0 0 0 0 0 
test.1.sm_70.ptx 1754 : 40448 545472 0 0 0 0 0 0 0 
test.1.sm_70.ptx 262 : 242688 0 0 0 0 0 0 0 0 
test.1.sm_70.ptx 1755 : 40448 502784 0 0 0 0 0 0 0 
test.1.sm_70.ptx 264 : 242688 1578368 0 0 0 0 0 0 0 
test.1.sm_70.ptx 1757 : 40448 552896 0 0 0 0 0 0 0 
test.1.sm_70.ptx 265 : 242688 1588448 0 0 0 0 0 0 0 
test.1.sm_70.ptx 1758 : 40448 567616 0 0 0 0 0 0 0 
test.1.sm_70.ptx 266 : 242688 1570048 0 0 0 0 0 0 0 
test.1.sm_70.ptx 1759 : 40448 376544 0 0 0 0 0 0 0 
test.1.sm_70.ptx 297 : 242688 1619136 0 0 0 0 0 0 0 
test.1.sm_70.ptx 298 : 242688 0 0 0 0 0 0 0 0 
test.1.sm_70.ptx 1791 : 40000 461664 0 0 0 0 0 0 0 
test.1.sm_70.ptx 301 : 242688 1580096 0 0 0 0 0 0 0 
test.1.sm_70.ptx 1794 : 40000 562624 0 0 0 0 0 0 0 
test.1.sm_70.ptx 302 : 242688 1553568 0 0 0 0 0 0 0 
test.1.sm_70.ptx 1795 : 40000 482016 0 0 0 0 0 0 0 
test.1.sm_70.ptx 303 : 242688 2278368 0 0 0 0 0 0 0 
test.1.sm_70.ptx 1796 : 40000 564736 0 0 0 0 0 0 0 
test.1.sm_70.ptx 304 : 242688 1527232 0 0 0 0 0 0 0 
test.1.sm_70.ptx 1797 : 40000 569952 0 0 0 0 0 0 0 
test.1.sm_70.ptx 305 : 242688 2386688 0 0 0 0 0 0 0 
test.1.sm_70.ptx 1798 : 40000 752448 0 0 0 0 0 0 0 
test.1.sm_70.ptx 306 : 242688 1669056 0 0 0 0 0 0 0 
test.1.sm_70.ptx 307 : 242688 2377792 0 0 0 0 0 0 0 
test.1.sm_70.ptx 308 : 242688 2247008 0 0 0 0 0 0 0 
test.1.sm_70.ptx 1801 : 40000 5361568 96 0 0 2500 1250 0 0 
test.1.sm_70.ptx 309 : 242688 2518880 0 0 0 0 0 0 0 
test.1.sm_70.ptx 1802 : 40000 5161056 0 0 0 20000 1250 0 0 
test.1.sm_70.ptx 310 : 242688 2232000 0 0 0 0 0 0 0 
test.1.sm_70.ptx 1803 : 40000 970944 0 0 0 0 0 0 0 
test.1.sm_70.ptx 311 : 242688 2269248 0 0 0 0 0 0 0 
test.1.sm_70.ptx 1804 : 40000 4716000 0 0 0 2500 1250 0 0 
test.1.sm_70.ptx 312 : 242688 55114080 12544 0 0 34128 7584 0 0 
test.1.sm_70.ptx 1805 : 40000 5307776 0 0 0 20000 1250 0 0 
test.1.sm_70.ptx 313 : 242688 2492480 0 0 0 0 0 0 0 
test.1.sm_70.ptx 1806 : 40000 921664 0 0 0 0 0 0 0 
test.1.sm_70.ptx 314 : 242688 1569536 0 0 0 0 0 0 0 
test.1.sm_70.ptx 1807 : 40000 4675392 0 0 0 2500 1250 0 0 
test.1.sm_70.ptx 315 : 242688 2253312 0 0 0 0 0 0 0 
test.1.sm_70.ptx 1808 : 40000 5285472 0 0 0 20000 1250 0 0 
test.1.sm_70.ptx 1025 : 40448 644832 0 0 0 0 0 0 0 
test.1.sm_70.ptx 2518 : 100000 970720 0 0 0 0 0 0 0 
test.1.sm_70.ptx 316 : 242688 953952 0 7584 7584 0 0 0 0 
test.1.sm_70.ptx 1809 : 40000 784896 0 0 0 0 0 0 0 
test.1.sm_70.ptx 1026 : 40448 2368 0 0 0 0 0 0 0 
test.1.sm_70.ptx 2519 : 100000 978080 0 0 0 0 0 0 0 
test.1.sm_70.ptx 317 : 242688 2210048 0 0 0 0 0 0 0 
test.1.sm_70.ptx 1810 : 40000 4554048 0 0 0 2500 1250 0 0 
test.1.sm_70.ptx 318 : 242688 1484896 0 0 0 0 0 0 0 
test.1.sm_70.ptx 1811 : 40000 5150848 0 0 0 20000 1250 0 0 
test.1.sm_70.ptx 319 : 242688 1498880 0 0 0 0 0 0 0 
test.1.sm_70.ptx 1812 : 40000 412320 0 0 0 0 0 0 0 
test.1.sm_70.ptx 320 : 242688 2222304 0 0 0 0 0 0 0 
test.1.sm_70.ptx 1813 : 40000 456384 0 0 0 0 0 0 0 
test.1.sm_70.ptx 2448 : 40448 312864 0 0 0 0 0 0 0 
test.1.sm_70.ptx 955 : 40000 324448 0 0 0 0 0 0 0 
test.1.sm_70.ptx 321 : 242688 1515040 0 0 0 0 0 0 0 
test.1.sm_70.ptx 1814 : 40000 464896 0 0 0 0 0 0 0 
test.1.sm_70.ptx 322 : 242688 2237184 0 0 0 0 0 0 0 
test.1.sm_70.ptx 1815 : 40000 432128 0 0 0 0 0 0 0 
test.1.sm_70.ptx 323 : 242688 1548992 0 0 0 0 0 0 0 
test.1.sm_70.ptx 1816 : 40000 396416 0 0 0 0 0 0 0 
test.1.sm_70.ptx 324 : 242688 2239616 0 0 0 0 0 0 0 
test.1.sm_70.ptx 1817 : 40000 0 0 0 0 0 0 0 0 
test.1.sm_70.ptx 325 : 242688 2235552 0 0 0 0 0 0 0 
test.1.sm_70.ptx 326 : 242688 2475072 0 0 0 0 0 0 0 
test.1.sm_70.ptx 327 : 242688 2225344 0 0 0 0 0 0 0 
test.1.sm_70.ptx 1820 : 40000 481856 0 0 0 0 0 0 0 
test.1.sm_70.ptx 328 : 242688 2219872 0 0 0 0 0 0 0 
test.1.sm_70.ptx 1821 : 40000 535360 0 0 0 0 0 0 0 
test.1.sm_70.ptx 329 : 242688 50084256 12544 0 0 34128 7584 0 0 
test.1.sm_70.ptx 1822 : 40000 4271264 0 0 0 5000 1250 0 0 
test.1.sm_70.ptx 330 : 242688 2460864 0 0 0 0 0 0 0 
test.1.sm_70.ptx 1823 : 40000 421568 0 0 0 0 0 0 0 
test.1.sm_70.ptx 331 : 242688 1509024 0 0 0 0 0 0 0 
test.1.sm_70.ptx 1824 : 40000 533792 0 0 0 0 0 0 0 
test.1.sm_70.ptx 332 : 242688 2200480 0 0 0 0 0 0 0 
test.1.sm_70.ptx 1825 : 40000 505856 0 0 0 0 0 0 0 
test.1.sm_70.ptx 333 : 242688 833440 0 7584 7584 0 0 0 0 
test.1.sm_70.ptx 1826 : 40000 551232 0 0 0 0 0 0 0 
test.1.sm_70.ptx 1752 : 40448 770336 0 0 0 0 0 0 0 
test.1.sm_70.ptx 334 : 242688 2194752 0 0 0 0 0 0 0 
test.1.sm_70.ptx 1827 : 40000 3594688 0 0 0 10000 1250 0 0 
test.1.sm_70.ptx 335 : 242688 1480800 0 0 0 0 0 0 0 
test.1.sm_70.ptx 1828 : 40000 538560 0 0 0 0 0 0 0 
test.1.sm_70.ptx 336 : 242688 1495616 0 0 0 0 0 0 0 
test.1.sm_70.ptx 1829 : 40000 0 0 0 0 0 0 0 0 
test.1.sm_70.ptx 337 : 242688 2217472 0 0 0 0 0 0 0 
test.1.sm_70.ptx 1756 : 40448 613376 0 0 0 0 0 0 0 
test.1.sm_70.ptx 338 : 242688 1504608 0 0 0 0 0 0 0 
test.1.sm_70.ptx 1831 : 40000 759584 0 0 0 0 0 0 0 
test.1.sm_70.ptx 339 : 242688 2220256 0 0 0 0 0 0 0 
test.1.sm_70.ptx 1832 : 40000 3702624 0 0 0 10000 1250 0 0 
test.1.sm_70.ptx 340 : 242688 1527424 0 0 0 0 0 0 0 
test.1.sm_70.ptx 341 : 242688 2224992 0 0 0 0 0 0 0 
test.1.sm_70.ptx 1760 : 40448 2272 0 0 0 0 0 0 0 
test.1.sm_70.ptx 344 : 242688 2216960 0 0 0 0 0 0 0 
test.1.sm_70.ptx 345 : 242688 2249856 0 0 0 0 0 0 0 
test.1.sm_70.ptx 1838 : 40000 353152 0 0 0 0 0 0 0 
test.1.sm_70.ptx 346 : 242688 53091008 12544 0 0 34128 7584 0 0 
test.1.sm_70.ptx 1839 : 40000 396448 0 0 0 0 0 0 0 
test.1.sm_70.ptx 347 : 242688 2442784 0 0 0 0 0 0 0 
test.1.sm_70.ptx 1840 : 40000 350752 0 0 0 0 0 0 0 
test.1.sm_70.ptx 348 : 242688 1502208 0 0 0 0 0 0 0 
test.1.sm_70.ptx 1841 : 40000 352224 0 0 0 0 0 0 0 
test.1.sm_70.ptx 349 : 242688 2197728 0 0 0 0 0 0 0 
test.1.sm_70.ptx 350 : 242688 842272 0 7584 7584 0 0 0 0 
test.1.sm_70.ptx 351 : 242688 2195712 0 0 0 0 0 0 0 
test.1.sm_70.ptx 352 : 242688 1480160 0 0 0 0 0 0 0 
test.1.sm_70.ptx 353 : 242688 1490176 0 0 0 0 0 0 0 
test.1.sm_70.ptx 354 : 242688 2213440 0 0 0 0 0 0 0 
test.1.sm_70.ptx 355 : 242688 1494944 0 0 0 0 0 0 0 
test.1.sm_70.ptx 356 : 242688 2280576 0 0 0 0 0 0 0 
test.1.sm_70.ptx 357 : 242688 1515360 0 0 0 0 0 0 0 
test.1.sm_70.ptx 358 : 242688 2214656 0 0 0 0 0 0 0 
test.1.sm_70.ptx 359 : 242688 2214336 0 0 0 0 0 0 0 
test.1.sm_70.ptx 360 : 242688 2505664 0 0 0 0 0 0 0 
test.1.sm_70.ptx 361 : 242688 2212352 0 0 0 0 0 0 0 
test.1.sm_70.ptx 362 : 242688 2209888 0 0 0 0 0 0 0 
test.1.sm_70.ptx 363 : 242688 56785856 12544 0 0 34128 7584 0 0 
test.1.sm_70.ptx 364 : 242688 2441472 0 0 0 0 0 0 0 
test.1.sm_70.ptx 365 : 242688 1498112 0 0 0 0 0 0 0 
test.1.sm_70.ptx 366 : 242688 2197280 0 0 0 0 0 0 0 
test.1.sm_70.ptx 367 : 242688 788768 0 7584 7584 0 0 0 0 
test.1.sm_70.ptx 368 : 242688 2222208 0 0 0 0 0 0 0 
test.1.sm_70.ptx 369 : 242688 1523968 0 0 0 0 0 0 0 
test.1.sm_70.ptx 370 : 242688 1546688 0 0 0 0 0 0 0 
test.1.sm_70.ptx 1863 : 40000 468320 0 0 0 0 0 0 0 
test.1.sm_70.ptx 371 : 242688 0 0 0 0 0 0 0 0 
test.1.sm_70.ptx 1864 : 40000 386432 0 0 0 0 0 0 0 
test.1.sm_70.ptx 374 : 242688 1555072 0 0 0 0 0 0 0 
test.1.sm_70.ptx 1867 : 40000 453216 0 0 0 0 0 0 0 
test.1.sm_70.ptx 375 : 242688 0 0 0 0 0 0 0 0 
test.1.sm_70.ptx 1868 : 40000 493472 0 0 0 0 0 0 0 
test.1.sm_70.ptx 377 : 242688 1568960 0 0 0 0 0 0 0 
test.1.sm_70.ptx 1870 : 40000 488064 0 0 0 0 0 0 0 
test.1.sm_70.ptx 457 : 970752 5871200 0 0 0 0 0 0 0 
test.1.sm_70.ptx 458 : 970752 8774368 0 0 0 0 0 0 0 
test.1.sm_70.ptx 459 : 970752 5869088 0 0 0 0 0 0 0 
test.1.sm_70.ptx 460 : 970752 8828224 0 0 0 0 0 0 0 
test.1.sm_70.ptx 461 : 970752 5925024 0 0 0 0 0 0 0 
test.1.sm_70.ptx 462 : 970752 9550752 0 0 0 0 0 0 0 
test.1.sm_70.ptx 463 : 970752 5929536 0 0 0 0 0 0 0 
test.1.sm_70.ptx 464 : 970752 50560 0 0 0 0 0 0 0 
test.1.sm_70.ptx 466 : 961536 8691680 0 0 0 0 0 0 0 
test.1.sm_70.ptx 467 : 961536 9650336 0 0 0 0 0 0 0 
test.1.sm_70.ptx 468 : 961536 8686560 0 0 0 0 0 0 0 
test.1.sm_70.ptx 469 : 961536 8688352 0 0 0 0 0 0 0 
test.1.sm_70.ptx 470 : 961536 344720352 1752192 0 0 135216 30048 0 0 
test.1.sm_70.ptx 473 : 970752 9729312 0 0 0 0 0 0 0 
test.1.sm_70.ptx 474 : 970752 5899392 0 0 0 0 0 0 0 
test.1.sm_70.ptx 475 : 970752 8761760 0 0 0 0 0 0 0 
test.1.sm_70.ptx 476 : 970752 3335904 0 30336 30336 0 0 0 0 
test.1.sm_70.ptx 477 : 970752 8758400 0 0 0 0 0 0 0 
test.1.sm_70.ptx 1187 : 40448 609344 0 0 0 0 0 0 0 
test.1.sm_70.ptx 478 : 970752 5866880 0 0 0 0 0 0 0 
test.1.sm_70.ptx 1188 : 40448 2400 0 0 0 0 0 0 0 
test.1.sm_70.ptx 479 : 970752 5875360 0 0 0 0 0 0 0 
test.1.sm_70.ptx 933 : 40000 0 0 0 0 0 0 0 0 
test.1.sm_70.ptx 935 : 40000 769888 0 0 0 0 0 0 0 
test.1.sm_70.ptx 936 : 40000 494336 0 0 0 0 0 0 0 
test.1.sm_70.ptx 937 : 40000 583648 0 0 0 0 0 0 0 
test.1.sm_70.ptx 938 : 40000 576352 0 0 0 0 0 0 0 
test.1.sm_70.ptx 939 : 40000 4121728 0 0 0 10000 1250 0 0 
test.1.sm_70.ptx 952 : 40000 332608 0 0 0 0 0 0 0 
test.1.sm_70.ptx 953 : 40000 384416 0 0 0 0 0 0 0 
test.1.sm_70.ptx 954 : 40000 315680 0 0 0 0 0 0 0 
test.1.sm_70.ptx 977 : 40000 457376 0 0 0 0 0 0 0 
test.1.sm_70.ptx 978 : 40000 370624 0 0 0 0 0 0 0 
test.1.sm_70.ptx 979 : 40000 0 0 0 0 0 0 0 0 
test.1.sm_70.ptx 2472 : 100000 1392064 0 0 0 0 0 0 0 
test.1.sm_70.ptx 981 : 40000 444768 0 0 0 0 0 0 0 
test.1.sm_70.ptx 2474 : 100000 1598560 0 0 0 0 0 0 0 
test.1.sm_70.ptx 982 : 40000 492640 0 0 0 0 0 0 0 
test.1.sm_70.ptx 2475 : 100000 1598560 0 0 0 0 0 0 0 
test.1.sm_70.ptx 983 : 40000 520960 0 0 0 0 0 0 0 
test.1.sm_70.ptx 2476 : 100000 1598560 0 0 0 0 0 0 0 
test.1.sm_70.ptx 984 : 40000 517120 0 0 0 0 0 0 0 
test.1.sm_70.ptx 2477 : 100000 1598560 0 0 0 0 0 0 0 
test.1.sm_70.ptx 985 : 40000 491328 0 0 0 0 0 0 0 
test.1.sm_70.ptx 2478 : 100000 1598560 0 0 0 0 0 0 0 
test.1.sm_70.ptx 986 : 40000 530368 0 0 0 0 0 0 0 
test.1.sm_70.ptx 2479 : 100000 1595360 0 0 0 0 0 0 0 
test.1.sm_70.ptx 987 : 40000 545760 0 0 0 0 0 0 0 
test.1.sm_70.ptx 2480 : 100000 3561056 0 0 0 0 0 0 0 
test.1.sm_70.ptx 988 : 40000 724896 0 0 0 0 0 0 0 
test.1.sm_70.ptx 2481 : 100000 817568 0 0 0 0 0 0 0 
test.1.sm_70.ptx 991 : 40000 15492736 39936 0 0 2500 1250 0 0 
test.1.sm_70.ptx 2484 : 100000 927712 0 0 0 0 0 0 0 
test.1.sm_70.ptx 992 : 40000 5132096 0 0 0 20000 1250 0 0 
test.1.sm_70.ptx 2485 : 100000 1230080 0 0 0 0 0 0 0 
test.1.sm_70.ptx 993 : 40000 1195744 0 0 0 0 0 0 0 
test.1.sm_70.ptx 2486 : 100000 953824 0 0 0 0 0 0 0 
test.1.sm_70.ptx 994 : 40000 4880032 0 0 0 2500 1250 0 0 
test.1.sm_70.ptx 2487 : 100000 970144 0 0 0 0 0 0 0 
test.1.sm_70.ptx 995 : 40000 5468032 0 0 0 20000 1250 0 0 
test.1.sm_70.ptx 2488 : 100000 977728 0 0 0 0 0 0 0 
test.1.sm_70.ptx 996 : 40000 1162400 0 0 0 0 0 0 0 
test.1.sm_70.ptx 2489 : 100000 1271776 0 0 0 0 0 0 0 
test.1.sm_70.ptx 997 : 40000 4941120 0 0 0 2500 1250 0 0 
test.1.sm_70.ptx 2490 : 100000 1280160 0 0 0 0 0 0 0 
test.1.sm_70.ptx 998 : 40000 5534592 0 0 0 20000 1250 0 0 
test.1.sm_70.ptx 2491 : 100000 1260224 0 0 0 0 0 0 0 
test.1.sm_70.ptx 999 : 40000 1101632 0 0 0 0 0 0 0 
test.1.sm_70.ptx 2492 : 100000 968192 0 0 0 0 0 0 0 
test.1.sm_70.ptx 1000 : 40000 4869792 0 0 0 2500 1250 0 0 
test.1.sm_70.ptx 2493 : 100000 989088 0 0 0 0 0 0 0 
test.1.sm_70.ptx 1001 : 40000 5455552 0 0 0 20000 1250 0 0 
test.1.sm_70.ptx 2494 : 100000 1258208 0 0 0 0 0 0 0 
test.1.sm_70.ptx 1002 : 40000 511968 0 0 0 0 0 0 0 
test.1.sm_70.ptx 2495 : 100000 947840 0 0 0 0 0 0 0 
test.1.sm_70.ptx 1003 : 40000 538816 0 0 0 0 0 0 0 
test.1.sm_70.ptx 2496 : 100000 964864 0 0 0 0 0 0 0 
test.1.sm_70.ptx 1004 : 40000 514432 0 0 0 0 0 0 0 
test.1.sm_70.ptx 2497 : 100000 940832 0 0 0 0 0 0 0 
test.1.sm_70.ptx 1005 : 40000 496192 0 0 0 0 0 0 0 
test.1.sm_70.ptx 2498 : 100000 0 0 0 0 0 0 0 0 
test.1.sm_70.ptx 1006 : 40000 470464 0 0 0 0 0 0 0 
test.1.sm_70.ptx 1007 : 40000 0 0 0 0 0 0 0 0 
test.1.sm_70.ptx 2500 : 100000 2158496 0 0 0 0 0 0 0 
test.1.sm_70.ptx 1010 : 40000 487488 0 0 0 0 0 0 0 
test.1.sm_70.ptx 2503 : 100000 1258208 0 0 0 0 0 0 0 
test.1.sm_70.ptx 1011 : 40000 563264 0 0 0 0 0 0 0 
test.1.sm_70.ptx 2504 : 100000 1282528 0 0 0 0 0 0 0 
test.1.sm_70.ptx 1012 : 40000 4717184 0 0 0 5000 1250 0 0 
test.1.sm_70.ptx 2505 : 100000 977344 0 0 0 0 0 0 0 
test.1.sm_70.ptx 1013 : 40000 434176 0 0 0 0 0 0 0 
test.1.sm_70.ptx 2506 : 100000 982912 0 0 0 0 0 0 0 
test.1.sm_70.ptx 1014 : 40000 554400 0 0 0 0 0 0 0 
test.1.sm_70.ptx 2507 : 100000 1255520 0 0 0 0 0 0 0 
test.1.sm_70.ptx 1015 : 40000 567424 0 0 0 0 0 0 0 
test.1.sm_70.ptx 2508 : 100000 2172736 0 0 0 0 0 0 0 
test.1.sm_70.ptx 1016 : 40000 573280 0 0 0 0 0 0 0 
test.1.sm_70.ptx 2509 : 100000 1240960 0 0 0 0 0 0 0 
test.1.sm_70.ptx 1017 : 40000 4082400 0 0 0 10000 1250 0 0 
test.1.sm_70.ptx 2510 : 100000 1222464 0 0 0 0 0 0 0 
test.1.sm_70.ptx 1018 : 40000 632864 0 0 0 0 0 0 0 
test.1.sm_70.ptx 2511 : 100000 1235904 0 0 0 0 0 0 0 
test.1.sm_70.ptx 1019 : 40000 0 0 0 0 0 0 0 0 
test.1.sm_70.ptx 2512 : 100000 1255424 0 0 0 0 0 0 0 
test.1.sm_70.ptx 1021 : 40000 757408 0 0 0 0 0 0 0 
test.1.sm_70.ptx 2514 : 100000 985824 0 0 0 0 0 0 0 
test.1.sm_70.ptx 1022 : 40000 4231232 0 0 0 10000 1250 0 0 
test.1.sm_70.ptx 2515 : 100000 1244416 0 0 0 0 0 0 0 
test.1.sm_70.ptx 1028 : 40000 416416 0 0 0 0 0 0 0 
test.1.sm_70.ptx 2521 : 100000 1242304 0 0 0 0 0 0 0 
test.1.sm_70.ptx 1029 : 40000 480640 0 0 0 0 0 0 0 
test.1.sm_70.ptx 2522 : 100000 952512 0 0 0 0 0 0 0 
test.1.sm_70.ptx 1030 : 40000 404832 0 0 0 0 0 0 0 
test.1.sm_70.ptx 2523 : 100000 1336096 0 0 0 0 0 0 0 
test.1.sm_70.ptx 1031 : 40000 391072 0 0 0 0 0 0 0 
test.1.sm_70.ptx 2524 : 100000 1233152 0 0 0 0 0 0 0 
test.1.sm_70.ptx 1053 : 40000 532896 0 0 0 0 0 0 0 
test.1.sm_70.ptx 2546 : 100000 1230848 0 0 0 0 0 0 0 
test.1.sm_70.ptx 1054 : 40000 493312 0 0 0 0 0 0 0 
test.1.sm_70.ptx 2547 : 100000 1226944 0 0 0 0 0 0 0 
test.1.sm_70.ptx 1055 : 40000 0 0 0 0 0 0 0 0 
test.1.sm_70.ptx 2548 : 100000 1250528 0 0 0 0 0 0 0 
test.1.sm_70.ptx 1057 : 40000 534592 0 0 0 0 0 0 0 
test.1.sm_70.ptx 2550 : 100000 1230656 0 0 0 0 0 0 0 
test.1.sm_70.ptx 1058 : 40000 615232 0 0 0 0 0 0 0 
test.1.sm_70.ptx 2551 : 100000 929792 0 0 0 0 0 0 0 
test.1.sm_70.ptx 1059 : 40000 627136 0 0 0 0 0 0 0 
test.1.sm_70.ptx 2552 : 100000 904320 0 0 0 0 0 0 0 
test.1.sm_70.ptx 1060 : 40000 589792 0 0 0 0 0 0 0 
test.1.sm_70.ptx 2553 : 100000 1224576 0 0 0 0 0 0 0 
test.1.sm_70.ptx 1061 : 40000 573696 0 0 0 0 0 0 0 
test.1.sm_70.ptx 2554 : 100000 905376 0 0 0 0 0 0 0 
test.1.sm_70.ptx 1062 : 40000 649248 0 0 0 0 0 0 0 
test.1.sm_70.ptx 2555 : 100000 1271936 0 0 0 0 0 0 0 
test.1.sm_70.ptx 1063 : 40000 621568 0 0 0 0 0 0 0 
test.1.sm_70.ptx 2556 : 100000 909312 0 0 0 0 0 0 0 
test.1.sm_70.ptx 1064 : 40000 874048 0 0 0 0 0 0 0 
test.1.sm_70.ptx 2557 : 100000 1204544 0 0 0 0 0 0 0 
test.1.sm_70.ptx 1067 : 40000 4617472 0 0 0 2500 1250 0 0 
test.1.sm_70.ptx 2560 : 100000 1213856 0 0 0 0 0 0 0 
test.1.sm_70.ptx 1068 : 40000 5294368 0 0 0 20000 1250 0 0 
test.1.sm_70.ptx 2561 : 100000 943232 0 0 0 0 0 0 0 
test.1.sm_70.ptx 1069 : 40000 1186880 0 0 0 0 0 0 0 
test.1.sm_70.ptx 2562 : 100000 1200192 0 0 0 0 0 0 0 
test.1.sm_70.ptx 1070 : 40000 4923840 0 0 0 2500 1250 0 0 
test.1.sm_70.ptx 2563 : 100000 1217952 0 0 0 0 0 0 0 
test.1.sm_70.ptx 1071 : 40000 5532896 0 0 0 20000 1250 0 0 
test.1.sm_70.ptx 2564 : 100000 1319968 0 0 0 0 0 0 0 
test.1.sm_70.ptx 1072 : 40000 1183936 0 0 0 0 0 0 0 
test.1.sm_70.ptx 2565 : 100000 1248832 0 0 0 0 0 0 0 
test.1.sm_70.ptx 1073 : 40000 4958912 0 0 0 2500 1250 0 0 
test.1.sm_70.ptx 2566 : 100000 1225600 0 0 0 0 0 0 0 
test.1.sm_70.ptx 1074 : 40000 5554496 0 0 0 20000 1250 0 0 
test.1.sm_70.ptx 2567 : 100000 1197664 0 0 0 0 0 0 0 
test.1.sm_70.ptx 1075 : 40000 1102752 0 0 0 0 0 0 0 
test.1.sm_70.ptx 2568 : 100000 1324448 0 0 0 0 0 0 0 
test.1.sm_70.ptx 1076 : 40000 4898976 0 0 0 2500 1250 0 0 
test.1.sm_70.ptx 2569 : 100000 1233408 0 0 0 0 0 0 0 
test.1.sm_70.ptx 1077 : 40000 5498656 0 0 0 20000 1250 0 0 
test.1.sm_70.ptx 2570 : 100000 1238336 0 0 0 0 0 0 0 
test.1.sm_70.ptx 1078 : 40000 491200 0 0 0 0 0 0 0 
test.1.sm_70.ptx 2571 : 100000 1209248 0 0 0 0 0 0 0 
test.1.sm_70.ptx 1079 : 40000 551136 0 0 0 0 0 0 0 
test.1.sm_70.ptx 2572 : 100000 1203552 0 0 0 0 0 0 0 
test.1.sm_70.ptx 1080 : 40000 543904 0 0 0 0 0 0 0 
test.1.sm_70.ptx 2573 : 100000 912480 0 0 0 0 0 0 0 
test.1.sm_70.ptx 1081 : 40000 506272 0 0 0 0 0 0 0 
test.1.sm_70.ptx 1082 : 40000 507776 0 0 0 0 0 0 0 
test.1.sm_70.ptx 1083 : 40000 0 0 0 0 0 0 0 0 
test.1.sm_70.ptx 2576 : 200000 1606592 0 0 0 0 0 0 0 
test.1.sm_70.ptx 1086 : 40000 537216 0 0 0 0 0 0 0 
test.1.sm_70.ptx 1087 : 40000 626240 0 0 0 0 0 0 0 
test.1.sm_70.ptx 2580 : 200000 1516384 0 0 0 0 0 0 0 
test.1.sm_70.ptx 1088 : 40000 4858912 0 0 0 5000 1250 0 0 
test.1.sm_70.ptx 2581 : 200000 1520128 0 0 0 0 0 0 0 
test.1.sm_70.ptx 1089 : 40000 463520 0 0 0 0 0 0 0 
test.1.sm_70.ptx 2582 : 200000 0 0 0 0 0 0 0 0 
test.1.sm_70.ptx 1090 : 40000 630560 0 0 0 0 0 0 0 
test.1.sm_70.ptx 1091 : 40000 624768 0 0 0 0 0 0 0 
test.1.sm_70.ptx 2584 : 200000 1546592 0 0 0 0 0 0 0 
test.1.sm_70.ptx 1092 : 40000 668032 0 0 0 0 0 0 0 
test.1.sm_70.ptx 2585 : 200000 2263488 0 0 0 0 0 0 0 
test.1.sm_70.ptx 1093 : 40000 4292832 0 0 0 10000 1250 0 0 
test.1.sm_70.ptx 2586 : 200000 2207072 0 0 0 0 0 0 0 
test.1.sm_70.ptx 1094 : 40000 664576 0 0 0 0 0 0 0 
test.1.sm_70.ptx 2587 : 200000 2191648 0 0 0 0 0 0 0 
test.1.sm_70.ptx 1095 : 40000 0 0 0 0 0 0 0 0 
test.1.sm_70.ptx 2588 : 200000 2174336 0 0 0 0 0 0 0 
test.1.sm_70.ptx 1097 : 40000 776320 0 0 0 0 0 0 0 
test.1.sm_70.ptx 2590 : 200000 2158272 0 6250 6250 0 0 0 0 
test.1.sm_70.ptx 1098 : 40000 586432 0 0 0 0 0 0 0 
test.1.sm_70.ptx 2591 : 200000 1568896 0 0 0 0 0 0 0 
test.1.sm_70.ptx 1099 : 40000 636096 0 0 0 0 0 0 0 
test.1.sm_70.ptx 2592 : 200000 0 0 0 0 0 0 0 0 
test.1.sm_70.ptx 1100 : 40000 623936 0 0 0 0 0 0 0 
test.1.sm_70.ptx 1101 : 40000 4264768 0 0 0 10000 1250 0 0 
test.1.sm_70.ptx 2594 : 200000 1483264 0 0 0 0 0 0 0 
test.1.sm_70.ptx 1114 : 40000 373952 0 0 0 0 0 0 0 
test.1.sm_70.ptx 1115 : 40000 407584 0 0 0 0 0 0 0 
test.1.sm_70.ptx 1116 : 40000 347200 0 0 0 0 0 0 0 
test.1.sm_70.ptx 1117 : 40000 363712 0 0 0 0 0 0 0 
test.1.sm_70.ptx 1139 : 40000 486496 0 0 0 0 0 0 0 
test.1.sm_70.ptx 1140 : 40000 439968 0 0 0 0 0 0 0 
test.1.sm_70.ptx 1141 : 40000 0 0 0 0 0 0 0 0 
test.1.sm_70.ptx 1143 : 40000 492608 0 0 0 0 0 0 0 
test.1.sm_70.ptx 1144 : 40000 548864 0 0 0 0 0 0 0 
test.1.sm_70.ptx 1145 : 40000 582784 0 0 0 0 0 0 0 
test.1.sm_70.ptx 1146 : 40000 577024 0 0 0 0 0 0 0 
test.1.sm_70.ptx 1147 : 40000 549696 0 0 0 0 0 0 0 
test.1.sm_70.ptx 1148 : 40000 583936 0 0 0 0 0 0 0 
test.1.sm_70.ptx 1149 : 40000 621952 0 0 0 0 0 0 0 
test.1.sm_70.ptx 1150 : 40000 829984 0 0 0 0 0 0 0 
test.1.sm_70.ptx 1153 : 40000 5410880 0 0 0 2500 1250 0 0 
test.1.sm_70.ptx 1154 : 40000 5251072 0 0 0 20000 1250 0 0 
test.1.sm_70.ptx 1155 : 40000 1092128 0 0 0 0 0 0 0 
test.1.sm_70.ptx 1156 : 40000 4870496 0 0 0 2500 1250 0 0 
test.1.sm_70.ptx 1157 : 40000 5475072 0 0 0 20000 1250 0 0 
test.1.sm_70.ptx 1158 : 40000 1126944 0 0 0 0 0 0 0 
test.1.sm_70.ptx 1159 : 40000 4944736 0 0 0 2500 1250 0 0 
test.1.sm_70.ptx 1160 : 40000 5541088 0 0 0 20000 1250 0 0 
test.1.sm_70.ptx 1161 : 40000 1092320 0 0 0 0 0 0 0 
test.1.sm_70.ptx 1162 : 40000 4891264 0 0 0 2500 1250 0 0 
test.1.sm_70.ptx 1163 : 40000 5510432 0 0 0 20000 1250 0 0 
test.1.sm_70.ptx 1164 : 40000 454464 0 0 0 0 0 0 0 
test.1.sm_70.ptx 1165 : 40000 542272 0 0 0 0 0 0 0 
test.1.sm_70.ptx 1166 : 40000 526400 0 0 0 0 0 0 0 
test.1.sm_70.ptx 1167 : 40000 505728 0 0 0 0 0 0 0 
test.1.sm_70.ptx 1168 : 40000 493024 0 0 0 0 0 0 0 
test.1.sm_70.ptx 1169 : 40000 0 0 0 0 0 0 0 0 
test.1.sm_70.ptx 1172 : 40000 500672 0 0 0 0 0 0 0 
test.1.sm_70.ptx 1173 : 40000 580256 0 0 0 0 0 0 0 
test.1.sm_70.ptx 1174 : 40000 4841184 0 0 0 5000 1250 0 0 
test.1.sm_70.ptx 1175 : 40000 451616 0 0 0 0 0 0 0 
test.1.sm_70.ptx 1176 : 40000 595136 0 0 0 0 0 0 0 
test.1.sm_70.ptx 1177 : 40000 586112 0 0 0 0 0 0 0 
test.1.sm_70.ptx 1178 : 40000 609472 0 0 0 0 0 0 0 
test.1.sm_70.ptx 1179 : 40000 4252416 0 0 0 10000 1250 0 0 
test.1.sm_70.ptx 1180 : 40000 630592 0 0 0 0 0 0 0 
test.1.sm_70.ptx 1181 : 40000 0 0 0 0 0 0 0 0 
test.1.sm_70.ptx 1183 : 40000 777696 0 0 0 0 0 0 0 
test.1.sm_70.ptx 1184 : 40000 4391008 0 0 0 10000 1250 0 0 
test.1.sm_70.ptx 1190 : 40000 436992 0 0 0 0 0 0 0 
test.1.sm_70.ptx 1191 : 40000 476864 0 0 0 0 0 0 0 
test.1.sm_70.ptx 1192 : 40000 408800 0 0 0 0 0 0 0 
test.1.sm_70.ptx 1193 : 40000 421696 0 0 0 0 0 0 0 
test.1.sm_70.ptx 1215 : 40000 525600 0 0 0 0 0 0 0 
test.1.sm_70.ptx 2708 : 160000 1233088 0 5000 5000 0 0 0 0 
test.1.sm_70.ptx 1216 : 40000 450272 0 0 0 0 0 0 0 
test.1.sm_70.ptx 2709 : 160000 1035328 0 0 0 0 0 0 0 
test.1.sm_70.ptx 1217 : 40000 0 0 0 0 0 0 0 0 
test.1.sm_70.ptx 2710 : 160000 1001312 0 0 0 0 0 0 0 
test.1.sm_70.ptx 1219 : 40000 515104 0 0 0 0 0 0 0 
test.1.sm_70.ptx 1220 : 40000 595904 0 0 0 0 0 0 0 
test.1.sm_70.ptx 2713 : 160000 1000768 0 0 0 0 0 0 0 
test.1.sm_70.ptx 1221 : 40000 589664 0 0 0 0 0 0 0 
test.1.sm_70.ptx 2714 : 160000 878880 0 0 0 0 0 0 0 
test.1.sm_70.ptx 1222 : 40000 581952 0 0 0 0 0 0 0 
test.1.sm_70.ptx 2715 : 160000 0 0 0 0 0 0 0 0 
test.1.sm_70.ptx 1223 : 40000 564800 0 0 0 0 0 0 0 
test.1.sm_70.ptx 1224 : 40000 582816 0 0 0 0 0 0 0 
test.1.sm_70.ptx 2717 : 160000 1475648 0 0 0 0 0 0 0 
test.1.sm_70.ptx 1225 : 40000 605920 0 0 0 0 0 0 0 
test.1.sm_70.ptx 2718 : 160000 1514720 0 0 0 0 0 0 0 
test.1.sm_70.ptx 1226 : 40000 791904 0 0 0 0 0 0 0 
test.1.sm_70.ptx 2719 : 160000 1502112 0 0 0 0 0 0 0 
test.1.sm_70.ptx 1229 : 40000 4626720 0 0 0 2500 1250 0 0 
test.1.sm_70.ptx 1230 : 40000 5309248 0 0 0 20000 1250 0 0 
test.1.sm_70.ptx 1231 : 40000 1022944 0 0 0 0 0 0 0 
test.1.sm_70.ptx 2724 : 160000 1114688 0 5000 5000 0 0 0 0 
test.1.sm_70.ptx 1232 : 40000 4852960 0 0 0 2500 1250 0 0 
test.1.sm_70.ptx 2725 : 160000 1035488 0 0 0 0 0 0 0 
test.1.sm_70.ptx 1233 : 40000 5463392 0 0 0 20000 1250 0 0 
test.1.sm_70.ptx 2726 : 160000 1014560 0 0 0 0 0 0 0 
test.1.sm_70.ptx 1234 : 40000 1015168 0 0 0 0 0 0 0 
test.1.sm_70.ptx 2727 : 160000 0 0 0 0 0 0 0 0 
test.1.sm_70.ptx 1235 : 40000 4871008 0 0 0 2500 1250 0 0 
test.1.sm_70.ptx 1236 : 40000 5481600 0 0 0 20000 1250 0 0 
test.1.sm_70.ptx 2729 : 160000 1039808 0 0 0 0 0 0 0 
test.1.sm_70.ptx 1237 : 40000 921536 0 0 0 0 0 0 0 
test.1.sm_70.ptx 2730 : 160000 890272 0 0 0 0 0 0 0 
test.1.sm_70.ptx 1238 : 40000 4815488 0 0 0 2500 1250 0 0 
test.1.sm_70.ptx 2731 : 160000 0 0 0 0 0 0 0 0 
test.1.sm_70.ptx 1239 : 40000 5423776 0 0 0 20000 1250 0 0 
test.1.sm_70.ptx 1240 : 40000 460416 0 0 0 0 0 0 0 
test.1.sm_70.ptx 2733 : 160000 1498944 0 0 0 0 0 0 0 
test.1.sm_70.ptx 1241 : 40000 525088 0 0 0 0 0 0 0 
test.1.sm_70.ptx 2734 : 160000 1533056 0 0 0 0 0 0 0 
test.1.sm_70.ptx 1242 : 40000 488384 0 0 0 0 0 0 0 
test.1.sm_70.ptx 2735 : 160000 1540032 0 0 0 0 0 0 0 
test.1.sm_70.ptx 1243 : 40000 466016 0 0 0 0 0 0 0 
test.1.sm_70.ptx 2736 : 160000 1542432 0 0 0 0 0 0 0 
test.1.sm_70.ptx 1244 : 40000 468320 0 0 0 0 0 0 0 
test.1.sm_70.ptx 2737 : 160000 65710208 640000 0 0 20000 5000 0 0 
test.1.sm_70.ptx 1245 : 40000 0 0 0 0 0 0 0 0 
test.1.sm_70.ptx 1248 : 40000 486656 0 0 0 0 0 0 0 
test.1.sm_70.ptx 2741 : 160000 1070016 0 0 0 0 0 0 0 
test.1.sm_70.ptx 1249 : 40000 580960 0 0 0 0 0 0 0 
test.1.sm_70.ptx 1250 : 40000 4790112 0 0 0 5000 1250 0 0 
test.1.sm_70.ptx 1251 : 40000 453120 0 0 0 0 0 0 0 
test.1.sm_70.ptx 2744 : 200000 1349408 0 0 0 0 0 0 0 
test.1.sm_70.ptx 1252 : 40000 620736 0 0 0 0 0 0 0 
test.1.sm_70.ptx 2745 : 200000 961280 0 0 0 0 0 0 0 
test.1.sm_70.ptx 1253 : 40000 593696 0 0 0 0 0 0 0 
test.1.sm_70.ptx 1254 : 40000 607840 0 0 0 0 0 0 0 
test.1.sm_70.ptx 1255 : 40000 4273568 0 0 0 10000 1250 0 0 
test.1.sm_70.ptx 2748 : 40000 284480 0 0 0 0 0 0 0 
test.1.sm_70.ptx 1256 : 40000 683392 0 0 0 0 0 0 0 
test.1.sm_70.ptx 2749 : 40000 286592 0 0 0 0 0 0 0 
test.1.sm_70.ptx 1257 : 40000 0 0 0 0 0 0 0 0 
test.1.sm_70.ptx 2750 : 40000 423712 0 0 0 0 0 0 0 
test.1.sm_70.ptx 1259 : 40000 773216 0 0 0 0 0 0 0 
test.1.sm_70.ptx 2752 : 40000 410176 0 0 0 0 0 0 0 
test.1.sm_70.ptx 1260 : 40000 566016 0 0 0 0 0 0 0 
test.1.sm_70.ptx 2753 : 40000 286016 0 0 0 0 0 0 0 
test.1.sm_70.ptx 1261 : 40000 603392 0 0 0 0 0 0 0 
test.1.sm_70.ptx 2754 : 40000 407680 0 0 0 0 0 0 0 
test.1.sm_70.ptx 1262 : 40000 615968 0 0 0 0 0 0 0 
test.1.sm_70.ptx 2755 : 40000 288928 0 0 0 0 0 0 0 
test.1.sm_70.ptx 1263 : 40000 4269760 0 0 0 10000 1250 0 0 
test.1.sm_70.ptx 2756 : 40000 276032 0 0 0 0 0 0 0 
test.1.sm_70.ptx 1276 : 40000 366944 0 0 0 0 0 0 0 
test.1.sm_70.ptx 2769 : 40000 403392 0 0 0 0 0 0 0 
test.1.sm_70.ptx 1277 : 40000 426720 0 0 0 0 0 0 0 
test.1.sm_70.ptx 2770 : 40000 297856 0 1250 1250 0 0 0 0 
test.1.sm_70.ptx 1278 : 40000 364384 0 0 0 0 0 0 0 
test.1.sm_70.ptx 2771 : 40000 383008 0 0 0 0 0 0 0 
test.1.sm_70.ptx 1279 : 40000 359456 0 0 0 0 0 0 0 
test.1.sm_70.ptx 2772 : 40000 258432 0 0 0 0 0 0 0 
test.1.sm_70.ptx 1301 : 40000 487520 0 0 0 0 0 0 0 
test.1.sm_70.ptx 2794 : 40000 266816 0 0 0 0 0 0 0 
test.1.sm_70.ptx 1302 : 40000 442208 0 0 0 0 0 0 0 
test.1.sm_70.ptx 2795 : 40000 270720 0 0 0 0 0 0 0 
test.1.sm_70.ptx 1303 : 40000 0 0 0 0 0 0 0 0 
test.1.sm_70.ptx 2796 : 40000 384576 0 0 0 0 0 0 0 
test.1.sm_70.ptx 1305 : 40000 481376 0 0 0 0 0 0 0 
test.1.sm_70.ptx 2798 : 40000 389888 0 0 0 0 0 0 0 
test.1.sm_70.ptx 1306 : 40000 556224 0 0 0 0 0 0 0 
test.1.sm_70.ptx 2799 : 40000 260928 0 0 0 0 0 0 0 
test.1.sm_70.ptx 1307 : 40000 602432 0 0 0 0 0 0 0 
test.1.sm_70.ptx 2800 : 40000 416096 0 0 0 0 0 0 0 
test.1.sm_70.ptx 1308 : 40000 577248 0 0 0 0 0 0 0 
test.1.sm_70.ptx 2801 : 40000 271200 0 0 0 0 0 0 0 
test.1.sm_70.ptx 1309 : 40000 554304 0 0 0 0 0 0 0 
test.1.sm_70.ptx 2802 : 40000 231712 0 0 0 0 0 0 0 
test.1.sm_70.ptx 1310 : 40000 581184 0 0 0 0 0 0 0 
test.1.sm_70.ptx 2803 : 40000 270560 0 0 0 0 0 0 0 
test.1.sm_70.ptx 1311 : 40000 596096 0 0 0 0 0 0 0 
test.1.sm_70.ptx 2804 : 40000 0 0 0 0 0 0 0 0 
test.1.sm_70.ptx 1312 : 40000 807008 0 0 0 0 0 0 0 
test.1.sm_70.ptx 1315 : 40000 15320992 39808 0 0 2500 1250 0 0 
test.1.sm_70.ptx 2808 : 40000 389696 0 0 0 0 0 0 0 
test.1.sm_70.ptx 1316 : 40000 5261568 0 0 0 20000 1250 0 0 
test.1.sm_70.ptx 2809 : 40000 392544 0 0 0 0 0 0 0 
test.1.sm_70.ptx 1317 : 40000 1126144 0 0 0 0 0 0 0 
test.1.sm_70.ptx 2810 : 40000 15778464 160000 0 0 5000 1250 0 0 
test.1.sm_70.ptx 1318 : 40000 4871264 0 0 0 2500 1250 0 0 
test.1.sm_70.ptx 1319 : 40000 5475616 0 0 0 20000 1250 0 0 
test.1.sm_70.ptx 1320 : 40000 1062176 0 0 0 0 0 0 0 
test.1.sm_70.ptx 2813 : 40000 424224 0 0 0 0 0 0 0 
test.1.sm_70.ptx 1321 : 40000 4899712 0 0 0 2500 1250 0 0 
test.1.sm_70.ptx 2814 : 40000 263296 0 0 0 0 0 0 0 
test.1.sm_70.ptx 1322 : 40000 5494528 0 0 0 20000 1250 0 0 
test.1.sm_70.ptx 2815 : 40000 390080 0 0 0 0 0 0 0 
test.1.sm_70.ptx 1323 : 40000 998816 0 0 0 0 0 0 0 
test.1.sm_70.ptx 2816 : 40000 261248 0 1250 1250 0 0 0 0 
test.1.sm_70.ptx 1324 : 40000 4854112 0 0 0 2500 1250 0 0 
test.1.sm_70.ptx 2817 : 40000 392160 0 0 0 0 0 0 0 
test.1.sm_70.ptx 1325 : 40000 5445440 0 0 0 20000 1250 0 0 
test.1.sm_70.ptx 2818 : 40000 284448 0 0 0 0 0 0 0 
test.1.sm_70.ptx 1326 : 40000 497376 0 0 0 0 0 0 0 
test.1.sm_70.ptx 1327 : 40000 521024 0 0 0 0 0 0 0 
test.1.sm_70.ptx 1328 : 40000 519936 0 0 0 0 0 0 0 
test.1.sm_70.ptx 1329 : 40000 478240 0 0 0 0 0 0 0 
test.1.sm_70.ptx 1330 : 40000 479968 0 0 0 0 0 0 0 
test.1.sm_70.ptx 1331 : 40000 0 0 0 0 0 0 0 0 
test.1.sm_70.ptx 1334 : 40000 501408 0 0 0 0 0 0 0 
test.1.sm_70.ptx 1335 : 40000 566144 0 0 0 0 0 0 0 
test.1.sm_70.ptx 1336 : 40000 4724352 0 0 0 5000 1250 0 0 
test.1.sm_70.ptx 1337 : 40000 445952 0 0 0 0 0 0 0 
test.1.sm_70.ptx 1338 : 40000 580544 0 0 0 0 0 0 0 
test.1.sm_70.ptx 1339 : 40000 536256 0 0 0 0 0 0 0 
test.1.sm_70.ptx 1340 : 40000 570272 0 0 0 0 0 0 0 
test.1.sm_70.ptx 1341 : 40000 4096800 0 0 0 10000 1250 0 0 
test.1.sm_70.ptx 1342 : 40000 594560 0 0 0 0 0 0 0 
test.1.sm_70.ptx 1343 : 40000 0 0 0 0 0 0 0 0 
test.1.sm_70.ptx 1345 : 40000 765120 0 0 0 0 0 0 0 
test.1.sm_70.ptx 1346 : 40000 4279296 0 0 0 10000 1250 0 0 
test.1.sm_70.ptx 1352 : 40000 411872 0 0 0 0 0 0 0 
test.1.sm_70.ptx 2845 : 200000 1275808 0 0 0 0 0 0 0 
test.1.sm_70.ptx 1353 : 40000 467392 0 0 0 0 0 0 0 
test.1.sm_70.ptx 1354 : 40000 391200 0 0 0 0 0 0 0 
test.1.sm_70.ptx 1355 : 40000 399584 0 0 0 0 0 0 0 
test.1.sm_70.ptx 1377 : 40000 505120 0 0 0 0 0 0 0 
test.1.sm_70.ptx 1378 : 40000 458208 0 0 0 0 0 0 0 
test.1.sm_70.ptx 1379 : 40000 0 0 0 0 0 0 0 0 
test.1.sm_70.ptx 1381 : 40000 520992 0 0 0 0 0 0 0 
test.1.sm_70.ptx 1382 : 40000 581248 0 0 0 0 0 0 0 
test.1.sm_70.ptx 1383 : 40000 585152 0 0 0 0 0 0 0 
test.1.sm_70.ptx 1384 : 40000 575840 0 0 0 0 0 0 0 
test.1.sm_70.ptx 1385 : 40000 555264 0 0 0 0 0 0 0 
test.1.sm_70.ptx 1386 : 40000 589472 0 0 0 0 0 0 0 
test.1.sm_70.ptx 1387 : 40000 617568 0 0 0 0 0 0 0 
test.1.sm_70.ptx 1388 : 40000 802112 0 0 0 0 0 0 0 
test.1.sm_70.ptx 1391 : 40000 4648864 0 0 0 2500 1250 0 0 
test.1.sm_70.ptx 1392 : 40000 5281856 0 0 0 20000 1250 0 0 
test.1.sm_70.ptx 1393 : 40000 1142848 0 0 0 0 0 0 0 
test.1.sm_70.ptx 1394 : 40000 4909600 0 0 0 2500 1250 0 0 
test.1.sm_70.ptx 1395 : 40000 5513248 0 0 0 20000 1250 0 0 
test.1.sm_70.ptx 1396 : 40000 1127168 0 0 0 0 0 0 0 
test.1.sm_70.ptx 1397 : 40000 4927840 0 0 0 2500 1250 0 0 
test.1.sm_70.ptx 1398 : 40000 5534528 0 0 0 20000 1250 0 0 
test.1.sm_70.ptx 1399 : 40000 1021632 0 0 0 0 0 0 0 
test.1.sm_70.ptx 1400 : 40000 4861728 0 0 0 2500 1250 0 0 
test.1.sm_70.ptx 1401 : 40000 5481184 0 0 0 20000 1250 0 0 
test.1.sm_70.ptx 1402 : 40000 474784 0 0 0 0 0 0 0 
test.1.sm_70.ptx 1403 : 40000 538080 0 0 0 0 0 0 0 
test.1.sm_70.ptx 1404 : 40000 509536 0 0 0 0 0 0 0 
test.1.sm_70.ptx 1405 : 40000 512000 0 0 0 0 0 0 0 
test.1.sm_70.ptx 1406 : 40000 490560 0 0 0 0 0 0 0 
test.1.sm_70.ptx 1407 : 40000 0 0 0 0 0 0 0 0 
test.1.sm_70.ptx 1410 : 40000 508288 0 0 0 0 0 0 0 
test.1.sm_70.ptx 1411 : 40000 595456 0 0 0 0 0 0 0 
test.1.sm_70.ptx 1412 : 40000 4800896 0 0 0 5000 1250 0 0 
test.1.sm_70.ptx 1413 : 40000 457952 0 0 0 0 0 0 0 
test.1.sm_70.ptx 1414 : 40000 632256 0 0 0 0 0 0 0 
test.1.sm_70.ptx 1415 : 40000 593856 0 0 0 0 0 0 0 
test.1.sm_70.ptx 1416 : 40000 599488 0 0 0 0 0 0 0 
test.1.sm_70.ptx 1417 : 40000 4286784 0 0 0 10000 1250 0 0 
test.1.sm_70.ptx 1418 : 40000 700576 0 0 0 0 0 0 0 
test.1.sm_70.ptx 1419 : 40000 0 0 0 0 0 0 0 0 
test.1.sm_70.ptx 1421 : 40000 770816 0 0 0 0 0 0 0 
test.1.sm_70.ptx 1422 : 40000 556192 0 0 0 0 0 0 0 
test.1.sm_70.ptx 1423 : 40000 618528 0 0 0 0 0 0 0 
test.1.sm_70.ptx 1424 : 40000 623712 0 0 0 0 0 0 0 
test.1.sm_70.ptx 1425 : 40000 4259424 0 0 0 10000 1250 0 0 
test.1.sm_70.ptx 1438 : 40000 368192 0 0 0 0 0 0 0 
test.1.sm_70.ptx 1439 : 40000 447264 0 0 0 0 0 0 0 
test.1.sm_70.ptx 1440 : 40000 368032 0 0 0 0 0 0 0 
test.1.sm_70.ptx 1441 : 40000 367520 0 0 0 0 0 0 0 
test.1.sm_70.ptx 1463 : 40000 495424 0 0 0 0 0 0 0 
test.1.sm_70.ptx 1464 : 40000 450272 0 0 0 0 0 0 0 
test.1.sm_70.ptx 1465 : 40000 0 0 0 0 0 0 0 0 
test.1.sm_70.ptx 1467 : 40000 477728 0 0 0 0 0 0 0 
test.1.sm_70.ptx 1468 : 40000 564704 0 0 0 0 0 0 0 
test.1.sm_70.ptx 1469 : 40000 584064 0 0 0 0 0 0 0 
test.1.sm_70.ptx 1470 : 40000 608672 0 0 0 0 0 0 0 
test.1.sm_70.ptx 1471 : 40000 551008 0 0 0 0 0 0 0 
test.1.sm_70.ptx 1472 : 40000 614944 0 0 0 0 0 0 0 
test.1.sm_70.ptx 1473 : 40000 627008 0 0 0 0 0 0 0 
test.1.sm_70.ptx 1474 : 40000 880128 0 0 0 0 0 0 0 
test.1.sm_70.ptx 1477 : 40000 5507360 0 0 0 2500 1250 0 0 
test.1.sm_70.ptx 1478 : 40000 5333280 0 0 0 20000 1250 0 0 
test.1.sm_70.ptx 1479 : 40000 1140768 0 0 0 0 0 0 0 
test.1.sm_70.ptx 1480 : 40000 4882816 0 0 0 2500 1250 0 0 
test.1.sm_70.ptx 1481 : 40000 5491360 0 0 0 20000 1250 0 0 
test.1.sm_70.ptx 1482 : 40000 1066304 0 0 0 0 0 0 0 
test.1.sm_70.ptx 1483 : 40000 4905600 0 0 0 2500 1250 0 0 
test.1.sm_70.ptx 1484 : 40000 5506208 0 0 0 20000 1250 0 0 
test.1.sm_70.ptx 1485 : 40000 975264 0 0 0 0 0 0 0 
test.1.sm_70.ptx 1486 : 40000 4838944 0 0 0 2500 1250 0 0 
test.1.sm_70.ptx 1487 : 40000 5444000 0 0 0 20000 1250 0 0 
test.1.sm_70.ptx 1488 : 40000 456544 0 0 0 0 0 0 0 
test.1.sm_70.ptx 1489 : 40000 526592 0 0 0 0 0 0 0 
test.1.sm_70.ptx 1490 : 40000 517472 0 0 0 0 0 0 0 
test.1.sm_70.ptx 1491 : 40000 483264 0 0 0 0 0 0 0 
test.1.sm_70.ptx 1492 : 40000 467936 0 0 0 0 0 0 0 
test.1.sm_70.ptx 1493 : 40000 0 0 0 0 0 0 0 0 
test.1.sm_70.ptx 1496 : 40000 515360 0 0 0 0 0 0 0 
test.1.sm_70.ptx 1497 : 40000 586720 0 0 0 0 0 0 0 
test.1.sm_70.ptx 1498 : 40000 4825472 0 0 0 5000 1250 0 0 
test.1.sm_70.ptx 1499 : 40000 453632 0 0 0 0 0 0 0 
test.1.sm_70.ptx 1500 : 40000 607648 0 0 0 0 0 0 0 
test.1.sm_70.ptx 1501 : 40000 604224 0 0 0 0 0 0 0 
test.1.sm_70.ptx 1502 : 40000 622336 0 0 0 0 0 0 0 
test.1.sm_70.ptx 1503 : 40000 4306464 0 0 0 10000 1250 0 0 
test.1.sm_70.ptx 1504 : 40000 685984 0 0 0 0 0 0 0 
test.1.sm_70.ptx 1505 : 40000 0 0 0 0 0 0 0 0 
test.1.sm_70.ptx 1507 : 40000 772864 0 0 0 0 0 0 0 
test.1.sm_70.ptx 1508 : 40000 4436480 0 0 0 10000 1250 0 0 
test.1.sm_70.ptx 1514 : 40000 449024 0 0 0 0 0 0 0 
test.1.sm_70.ptx 1515 : 40000 463072 0 0 0 0 0 0 0 
test.1.sm_70.ptx 1516 : 40000 402400 0 0 0 0 0 0 0 
test.1.sm_70.ptx 1517 : 40000 408224 0 0 0 0 0 0 0 
test.1.sm_70.ptx 1625 : 40000 492768 0 0 0 0 0 0 0 
test.1.sm_70.ptx 1626 : 40000 414816 0 0 0 0 0 0 0 
test.1.sm_70.ptx 1627 : 40000 0 0 0 0 0 0 0 0 
test.1.sm_70.ptx 1629 : 40000 484992 0 0 0 0 0 0 0 
test.1.sm_70.ptx 1630 : 40000 552480 0 0 0 0 0 0 0 
test.1.sm_70.ptx 1631 : 40000 567744 0 0 0 0 0 0 0 
test.1.sm_70.ptx 1632 : 40000 590912 0 0 0 0 0 0 0 
test.1.sm_70.ptx 1633 : 40000 552928 0 0 0 0 0 0 0 
test.1.sm_70.ptx 1634 : 40000 607008 0 0 0 0 0 0 0 
test.1.sm_70.ptx 1635 : 40000 607072 0 0 0 0 0 0 0 
test.1.sm_70.ptx 1762 : 40000 346816 0 0 0 0 0 0 0 
test.1.sm_70.ptx 1763 : 40000 410848 0 0 0 0 0 0 0 
test.1.sm_70.ptx 1764 : 40000 341408 0 0 0 0 0 0 0 
test.1.sm_70.ptx 1765 : 40000 354592 0 0 0 0 0 0 0 
test.1.sm_70.ptx 1787 : 40000 477760 0 0 0 0 0 0 0 
test.1.sm_70.ptx 1788 : 40000 399808 0 0 0 0 0 0 0 
test.1.sm_70.ptx 1789 : 40000 0 0 0 0 0 0 0 0 
test.1.sm_70.ptx 1792 : 40000 526944 0 0 0 0 0 0 0 
test.1.sm_70.ptx 1793 : 40000 553728 0 0 0 0 0 0 0 
test.1.sm_70.ptx 1865 : 40000 0 0 0 0 0 0 0 0 
test.1.sm_70.ptx 1869 : 40000 500544 0 0 0 0 0 0 0 
test.1.sm_70.ptx 1873 : 40000 485344 0 0 0 0 0 0 0 
test.1.sm_70.ptx 1874 : 40000 607104 0 0 0 0 0 0 0 
test.1.sm_70.ptx 1877 : 40000 3814272 0 0 0 2500 1250 0 0 
test.1.sm_70.ptx 1878 : 40000 4436128 0 0 0 20000 1250 0 0 
test.1.sm_70.ptx 1879 : 40000 705984 0 0 0 0 0 0 0 
test.1.sm_70.ptx 1880 : 40000 3988768 0 0 0 2500 1250 0 0 
test.1.sm_70.ptx 1881 : 40000 4581248 0 0 0 20000 1250 0 0 
test.1.sm_70.ptx 1882 : 40000 686656 0 0 0 0 0 0 0 
test.1.sm_70.ptx 1883 : 40000 3907104 0 0 0 2500 1250 0 0 
test.1.sm_70.ptx 1884 : 40000 4488768 0 0 0 20000 1250 0 0 
test.1.sm_70.ptx 1885 : 40000 656608 0 0 0 0 0 0 0 
test.1.sm_70.ptx 1886 : 40000 3811744 0 0 0 2500 1250 0 0 
test.1.sm_70.ptx 1887 : 40000 4400384 0 0 0 20000 1250 0 0 
test.1.sm_70.ptx 1888 : 40000 334208 0 0 0 0 0 0 0 
test.1.sm_70.ptx 1889 : 40000 415680 0 0 0 0 0 0 0 
test.1.sm_70.ptx 1890 : 40000 411520 0 0 0 0 0 0 0 
test.1.sm_70.ptx 1891 : 40000 405696 0 0 0 0 0 0 0 
test.1.sm_70.ptx 1892 : 40000 333056 0 0 0 0 0 0 0 
test.1.sm_70.ptx 1893 : 40000 0 0 0 0 0 0 0 0 
test.1.sm_70.ptx 1896 : 40000 411328 0 0 0 0 0 0 0 
test.1.sm_70.ptx 1897 : 40000 447968 0 0 0 0 0 0 0 
test.1.sm_70.ptx 1898 : 40000 3428800 0 0 0 5000 1250 0 0 
test.1.sm_70.ptx 1899 : 40000 403584 0 0 0 0 0 0 0 
test.1.sm_70.ptx 1900 : 40000 470304 0 0 0 0 0 0 0 
test.1.sm_70.ptx 1901 : 40000 413280 0 0 0 0 0 0 0 
test.1.sm_70.ptx 1902 : 40000 434848 0 0 0 0 0 0 0 
test.1.sm_70.ptx 1903 : 40000 455200 0 0 0 0 0 0 0 
test.1.sm_70.ptx 1904 : 40000 412704 0 0 0 0 0 0 0 
test.1.sm_70.ptx 1905 : 40000 526592 0 0 0 0 0 0 0 
test.1.sm_70.ptx 1906 : 40000 2612864 0 0 0 10000 1250 0 0 
test.1.sm_70.ptx 1907 : 40000 352096 0 0 0 0 0 0 0 
test.1.sm_70.ptx 1908 : 40000 0 0 0 0 0 0 0 0 
test.1.sm_70.ptx 1910 : 40000 747168 0 0 0 0 0 0 0 
test.1.sm_70.ptx 1911 : 40000 2844384 0 0 0 10000 1250 0 0 
test.1.sm_70.ptx 1912 : 40000 389888 0 0 0 0 0 0 0 
test.1.sm_70.ptx 2473 : 100000 1461152 0 0 0 0 0 0 0 
test.1.sm_70.ptx 2482 : 100000 792768 0 0 0 0 0 0 0 
test.1.sm_70.ptx 2483 : 100000 1177376 0 0 0 0 0 0 0 
test.1.sm_70.ptx 2501 : 100000 1280224 0 0 0 0 0 0 0 
test.1.sm_70.ptx 2502 : 100000 1249728 0 0 0 0 0 0 0 
test.1.sm_70.ptx 2513 : 100000 953120 0 0 0 0 0 0 0 
test.1.sm_70.ptx 2516 : 100000 952864 0 0 0 0 0 0 0 
test.1.sm_70.ptx 2517 : 100000 1459712 0 0 0 0 0 0 0 
test.1.sm_70.ptx 2520 : 100000 957568 0 0 0 0 0 0 0 
test.1.sm_70.ptx 2525 : 100000 942368 0 0 0 0 0 0 0 
test.1.sm_70.ptx 2526 : 100000 1257888 0 0 0 0 0 0 0 
test.1.sm_70.ptx 2527 : 100000 1240480 0 0 0 0 0 0 0 
test.1.sm_70.ptx 2528 : 100000 935776 0 0 0 0 0 0 0 
test.1.sm_70.ptx 2529 : 100000 1248608 0 0 0 0 0 0 0 
test.1.sm_70.ptx 2530 : 100000 962848 0 0 0 0 0 0 0 
test.1.sm_70.ptx 2531 : 100000 1226624 0 0 0 0 0 0 0 
test.1.sm_70.ptx 2532 : 100000 962304 0 0 0 0 0 0 0 
test.1.sm_70.ptx 2533 : 100000 1338336 0 0 0 0 0 0 0 
test.1.sm_70.ptx 2534 : 100000 1272928 0 0 0 0 0 0 0 
test.1.sm_70.ptx 2535 : 100000 938624 0 0 0 0 0 0 0 
test.1.sm_70.ptx 2536 : 100000 934624 0 0 0 0 0 0 0 
test.1.sm_70.ptx 2537 : 100000 1219392 0 0 0 0 0 0 0 
test.1.sm_70.ptx 2538 : 100000 938976 0 0 0 0 0 0 0 
test.1.sm_70.ptx 2539 : 100000 1240320 0 0 0 0 0 0 0 
test.1.sm_70.ptx 2540 : 100000 969792 0 0 0 0 0 0 0 
test.1.sm_70.ptx 2541 : 100000 1245728 0 0 0 0 0 0 0 
test.1.sm_70.ptx 2542 : 100000 1261728 0 0 0 0 0 0 0 
test.1.sm_70.ptx 2543 : 100000 1257984 0 0 0 0 0 0 0 
test.1.sm_70.ptx 2544 : 100000 1230496 0 0 0 0 0 0 0 
test.1.sm_70.ptx 2545 : 100000 943488 0 0 0 0 0 0 0 
test.1.sm_70.ptx 2549 : 100000 1235168 0 0 0 0 0 0 0 
test.1.sm_70.ptx 2558 : 100000 1214752 0 0 0 0 0 0 0 
test.1.sm_70.ptx 2559 : 100000 1236480 0 0 0 0 0 0 0 
test.1.sm_70.ptx 2577 : 200000 1583392 0 0 0 0 0 0 0 
test.1.sm_70.ptx 2578 : 200000 0 0 0 0 0 0 0 0 
test.1.sm_70.ptx 2589 : 200000 34682208 1280 0 0 25000 6250 0 0 
test.1.sm_70.ptx 2595 : 200000 2073440 0 0 0 0 0 0 0 
test.1.sm_70.ptx 2596 : 200000 2184256 0 0 0 0 0 0 0 
test.1.sm_70.ptx 2613 : 200000 1427648 0 0 0 0 0 0 0 
test.1.sm_70.ptx 2614 : 200000 1364352 0 0 0 0 0 0 0 
test.1.sm_70.ptx 2690 : 200000 1443296 0 0 0 0 0 0 0 
test.1.sm_70.ptx 2691 : 200000 0 0 0 0 0 0 0 0 
test.1.sm_70.ptx 2693 : 200000 1425728 0 0 0 0 0 0 0 
test.1.sm_70.ptx 2694 : 200000 1422688 0 0 0 0 0 0 0 
test.1.sm_70.ptx 2695 : 200000 269920 0 0 0 0 0 0 0 
test.1.sm_70.ptx 2697 : 160000 1142112 0 0 0 0 0 0 0 
test.1.sm_70.ptx 2698 : 160000 1104256 0 0 0 0 0 0 0 
test.1.sm_70.ptx 2699 : 160000 0 0 0 0 0 0 0 0 
test.1.sm_70.ptx 2701 : 160000 1696896 0 0 0 0 0 0 0 
test.1.sm_70.ptx 2702 : 160000 1637184 0 0 0 0 0 0 0 
test.1.sm_70.ptx 2703 : 160000 1634208 0 0 0 0 0 0 0 
test.1.sm_70.ptx 2704 : 160000 1629216 0 0 0 0 0 0 0 
test.1.sm_70.ptx 2705 : 160000 63157216 640000 0 0 20000 5000 0 0 
test.1.sm_70.ptx 2751 : 40000 286016 0 0 0 0 0 0 0 
test.1.sm_70.ptx 2757 : 40000 288608 0 0 0 0 0 0 0 
test.1.sm_70.ptx 2758 : 40000 0 0 0 0 0 0 0 0 
test.1.sm_70.ptx 2768 : 40000 278112 0 0 0 0 0 0 0 
test.1.sm_70.ptx 2711 : 160000 0 0 0 0 0 0 0 0 
test.1.sm_70.ptx 2720 : 160000 1508480 0 0 0 0 0 0 0 
test.1.sm_70.ptx 2721 : 160000 67112896 640000 0 0 20000 5000 0 0 
test.1.sm_70.ptx 2773 : 40000 259680 0 0 0 0 0 0 0 
test.1.sm_70.ptx 2774 : 40000 378688 0 0 0 0 0 0 0 
test.1.sm_70.ptx 2775 : 40000 255008 0 0 0 0 0 0 0 
test.1.sm_70.ptx 2776 : 40000 379552 0 0 0 0 0 0 0 
test.1.sm_70.ptx 2777 : 40000 250944 0 0 0 0 0 0 0 
test.1.sm_70.ptx 2778 : 40000 404928 0 0 0 0 0 0 0 
test.1.sm_70.ptx 2779 : 40000 252000 0 0 0 0 0 0 0 
test.1.sm_70.ptx 2780 : 40000 0 0 0 0 0 0 0 0 
test.1.sm_70.ptx 2782 : 40000 371168 0 0 0 0 0 0 0 
test.1.sm_70.ptx 2783 : 40000 417088 0 0 0 0 0 0 0 
test.1.sm_70.ptx 2784 : 40000 377216 0 0 0 0 0 0 0 
test.1.sm_70.ptx 2785 : 40000 382208 0 0 0 0 0 0 0 
test.1.sm_70.ptx 2786 : 40000 16722592 160000 0 0 5000 1250 0 0 
test.1.sm_70.ptx 2789 : 40000 421408 0 0 0 0 0 0 0 
test.1.sm_70.ptx 2790 : 40000 251168 0 0 0 0 0 0 0 
test.1.sm_70.ptx 2791 : 40000 380448 0 0 0 0 0 0 0 
test.1.sm_70.ptx 2792 : 40000 289408 0 1250 1250 0 0 0 0 
test.1.sm_70.ptx 2793 : 40000 378720 0 0 0 0 0 0 0 
test.1.sm_70.ptx 2797 : 40000 269280 0 0 0 0 0 0 0 
test.1.sm_70.ptx 2806 : 40000 384000 0 0 0 0 0 0 0 
test.1.sm_70.ptx 2807 : 40000 431872 0 0 0 0 0 0 0 
test.1.sm_70.ptx 2740 : 160000 1063840 0 5000 5000 0 0 0 0 
